!n: Number of areas
n: 11
!I: Set if areas
I: [04001 04002 04003 04004 04005 04006 04007 04008 04009 04010 04011 ]
!p: Number of regions
p: 7
!K: Set of regions
K: [1 2 3 4 5 6 7 ]
!N: Node Neighbor Set
N: [
(04001) [04005 04006]
(04002) [04004 04006 04008]
(04003) [04004 04007 04009 04011]
(04004) [04002 04003 04006 04009 04010]
(04005) [04001 04006 04008]
(04006) [04001 04002 04004 04005 04008 04010]
(04007) [04003]
(04008) [04002 04005 04006]
(04009) [04003 04004 04010 04011]
(04010) [04004 04006 04009 04011]
(04011) [04003 04009 04010]
]
!d(i,j): distance list
d: [
(04001 04001) 0.0
(04001 04002) 0.7085865820882247
(04001 04003) 1.0940110948910489
(04001 04004) 0.34655809986388464
(04001 04005) 0.9240013961773366
(04001 04006) 0.9204652868642932
(04001 04007) 0.8601001316264635
(04001 04008) 0.9062843786100077
(04001 04009) 0.6543847228884907
(04001 04010) 0.8396532618855507
(04001 04011) 0.9209303978383512
(04002 04001) 0.7085865820882247
(04002 04002) 0.0
(04002 04003) 0.9669423165486855
(04002 04004) 0.7613365905146362
(04002 04005) 0.7929750986546752
(04002 04006) 0.7472638050830401
(04002 04007) 0.8027813197173188
(04002 04008) 1.2814928297620698
(04002 04009) 0.5222941962024027
(04002 04010) 0.7269902447034673
(04002 04011) 0.6752914159011257
(04003 04001) 1.0940110948910489
(04003 04002) 0.9669423165486855
(04003 04003) 0.0
(04003 04004) 1.261353200963589
(04003 04005) 1.343851337683477
(04003 04006) 1.3823447544114673
(04003 04007) 1.302531070210247
(04003 04008) 1.6085866932060424
(04003 04009) 1.1919449032115865
(04003 04010) 1.1982138031241438
(04003 04011) 1.146474434925376
(04004 04001) 0.34655809986388464
(04004 04002) 0.7613365905146362
(04004 04003) 1.261353200963589
(04004 04004) 0.0
(04004 04005) 0.8617009406377691
(04004 04006) 0.9552901204911499
(04004 04007) 0.7933441643069815
(04004 04008) 0.8029081009287878
(04004 04009) 0.7129525515241124
(04004 04010) 0.9639228974855774
(04004 04011) 1.0128356943058012
(04005 04001) 0.9240013961773366
(04005 04002) 0.7929750986546752
(04005 04003) 1.343851337683477
(04005 04004) 0.8617009406377691
(04005 04005) 0.0
(04005 04006) 0.9385609557496215
(04005 04007) 0.5219036970681371
(04005 04008) 1.405845680598792
(04005 04009) 0.48317503014767615
(04005 04010) 0.7606170575747454
(04005 04011) 0.7235896659068507
(04006 04001) 0.9204652868642932
(04006 04002) 0.7472638050830401
(04006 04003) 1.3823447544114673
(04006 04004) 0.9552901204911499
(04006 04005) 0.9385609557496215
(04006 04006) 0.0
(04006 04007) 0.8468097313852083
(04006 04008) 1.4410965678342775
(04006 04009) 0.5457702499657275
(04006 04010) 0.3742035774334185
(04006 04011) 0.495070871396435
(04007 04001) 0.8601001316264635
(04007 04002) 0.8027813197173188
(04007 04003) 1.302531070210247
(04007 04004) 0.7933441643069815
(04007 04005) 0.5219036970681371
(04007 04006) 0.8468097313852083
(04007 04007) 0.0
(04007 04008) 1.4966554140497286
(04007 04009) 0.6619917856163832
(04007 04010) 0.7460912114383936
(04007 04011) 0.7056255966818599
(04008 04001) 0.9062843786100077
(04008 04002) 1.2814928297620698
(04008 04003) 1.6085866932060424
(04008 04004) 0.8029081009287878
(04008 04005) 1.405845680598792
(04008 04006) 1.4410965678342775
(04008 04007) 1.4966554140497286
(04008 04008) 0.0
(04008 04009) 1.2101564752166698
(04008 04010) 1.444548072044758
(04008 04011) 1.4996995078762043
(04009 04001) 0.6543847228884907
(04009 04002) 0.5222941962024027
(04009 04003) 1.1919449032115865
(04009 04004) 0.7129525515241124
(04009 04005) 0.48317503014767615
(04009 04006) 0.5457702499657275
(04009 04007) 0.6619917856163832
(04009 04008) 1.2101564752166698
(04009 04009) 0.0
(04009 04010) 0.5220922495900197
(04009 04011) 0.40141205603518104
(04010 04001) 0.8396532618855507
(04010 04002) 0.7269902447034673
(04010 04003) 1.1982138031241438
(04010 04004) 0.9639228974855774
(04010 04005) 0.7606170575747454
(04010 04006) 0.3742035774334185
(04010 04007) 0.7460912114383936
(04010 04008) 1.444548072044758
(04010 04009) 0.5220922495900197
(04010 04010) 0.0
(04010 04011) 0.40190828783915034
(04011 04001) 0.9209303978383512
(04011 04002) 0.6752914159011257
(04011 04003) 1.146474434925376
(04011 04004) 1.0128356943058012
(04011 04005) 0.7235896659068507
(04011 04006) 0.495070871396435
(04011 04007) 0.7056255966818599
(04011 04008) 1.4996995078762043
(04011 04009) 0.40141205603518104
(04011 04010) 0.40190828783915034
(04011 04011) 0.0
]
