!n: Number of areas
n: 38
!I: Set if areas
I: [05001 05002 05003 05004 05005 05006 05007 05008 05009 05010 05011 05012 05013 05014 05015 05016 05017 05018 05019 05020 05021 05022 05023 05024 05025 05026 05027 05028 05029 05030 05031 05032 05033 05034 05035 05036 05037 05038 ]
!p: Number of regions
p: 5
!K: Set of regions
K: [1 2 3 4 5 ]
!N: Node Neighbor Set
N: [
(05001) [05005 05008 05010 05018 05031]
(05002) [05014 05020 05023 05038]
(05003) [05019 05022 05028 05037]
(05004) [05027 05030]
(05005) [05001 05006 05008 05018 05026]
(05006) [05005 05007 05010 05018 05027 05029]
(05007) [05006 05009 05016 05023 05024 05027 05029 05033 05034]
(05008) [05001 05005 05026 05031]
(05009) [05007 05017 05033 05034]
(05010) [05001 05006 05018 05021 05029 05031]
(05011) [05024 05027 05030]
(05012) [05013 05015 05022 05037]
(05013) [05012 05015]
(05014) [05002 05025 05038]
(05015) [05012 05013 05026 05028 05037]
(05016) [05007 05021 05023 05029]
(05017) [05009 05033 05035 05036]
(05018) [05001 05005 05006 05010]
(05019) [05003 05020 05022 05028 05038]
(05020) [05002 05019 05023 05026 05028 05031 05032 05038]
(05021) [05010 05016 05023 05029 05031]
(05022) [05003 05012 05019 05025 05037 05038]
(05023) [05002 05007 05016 05020 05021 05031 05034]
(05024) [05007 05011 05027 05030 05033 05036]
(05025) [05014 05022 05038]
(05026) [05005 05008 05015 05020 05028 05031]
(05027) [05004 05006 05007 05011 05024 05030]
(05028) [05003 05015 05019 05020 05026 05032 05037]
(05029) [05006 05007 05010 05016 05021]
(05030) [05004 05011 05024 05027]
(05031) [05001 05008 05010 05020 05021 05023 05026]
(05032) [05020 05028]
(05033) [05007 05009 05017 05024 05036]
(05034) [05007 05009 05023]
(05035) [05017 05036]
(05036) [05017 05024 05033 05035]
(05037) [05003 05012 05015 05022 05028]
(05038) [05002 05014 05019 05020 05022 05025]
]
!d(i,j): distance list
d: [
(05001 05001) 0.0
(05001 05002) 1.7697965534695632
(05001 05003) 1.4983751930505158
(05001 05004) 1.9660179113372052
(05001 05005) 1.5177244909741736
(05001 05006) 1.9286740516299223
(05001 05007) 1.320389705991507
(05001 05008) 0.28571428571428575
(05001 05009) 1.3657379203029927
(05001 05010) 1.9449165454042099
(05001 05011) 1.170483957610978
(05001 05012) 0.28571428571428575
(05001 05013) 0.3758891800823661
(05001 05014) 1.1460733444727815
(05001 05015) 0.2232244742704994
(05001 05016) 0.8219458170046003
(05001 05017) 1.5766798917471418
(05001 05018) 1.8855950417464111
(05001 05019) 1.2093468558656288
(05001 05020) 1.61951396001671
(05001 05021) 0.6996815400579668
(05001 05022) 1.9470938029295266
(05001 05023) 1.981003812735507
(05001 05024) 1.7242517016193055
(05001 05025) 1.7030529011566542
(05001 05026) 1.9012243449458803
(05001 05027) 1.986505315526728
(05001 05028) 1.6683867194766446
(05001 05029) 0.6235881788429831
(05001 05030) 1.8922381064759446
(05001 05031) 1.0967804001040868
(05001 05032) 1.3987626701560778
(05001 05033) 1.513068539200105
(05001 05034) 1.9954764259333835
(05001 05035) 1.8496046216076416
(05001 05036) 1.1389492316356906
(05001 05037) 0.42530969152295356
(05001 05038) 1.2315687340299615
(05002 05001) 1.7697965534695632
(05002 05002) 0.0
(05002 05003) 0.8891287089904385
(05002 05004) 0.5719160964219636
(05002 05005) 0.42018140398777454
(05002 05006) 0.5521071675667633
(05002 05007) 0.5370722204801971
(05002 05008) 1.7919534488729465
(05002 05009) 0.7154301931208542
(05002 05010) 0.5328978468439333
(05002 05011) 0.7521348389319126
(05002 05012) 1.7919534488729465
(05002 05013) 1.719210094096243
(05002 05014) 0.9355350344912055
(05002 05015) 1.7697965534695632
(05002 05016) 1.1036594608253851
(05002 05017) 0.26968001393273033
(05002 05018) 0.36093092507734414
(05002 05019) 0.6738716336151096
(05002 05020) 1.3413211404951009
(05002 05021) 1.3739518897630225
(05002 05022) 0.5693720638882903
(05002 05023) 0.7431270083236142
(05002 05024) 0.1940257941281698
(05002 05025) 0.17188740126306637
(05002 05026) 1.9012243449458803
(05002 05027) 0.6164494163107075
(05002 05028) 0.5555856057399597
(05002 05029) 1.1683652700299634
(05002 05030) 0.3684581562598824
(05002 05031) 0.7333115970349022
(05002 05032) 1.4366558280146917
(05002 05033) 0.5981196425451446
(05002 05034) 1.980664073386773
(05002 05035) 0.22503295355720887
(05002 05036) 1.1058646440404314
(05002 05037) 1.548778550091709
(05002 05038) 0.9305952391306783
(05003 05001) 1.4983751930505158
(05003 05002) 0.8891287089904385
(05003 05003) 0.0
(05003 05004) 1.2074598153393523
(05003 05005) 0.7568681424099087
(05003 05006) 1.148426976935973
(05003 05007) 0.7352534269978885
(05003 05008) 1.5371444269121628
(05003 05009) 0.3752711358499144
(05003 05010) 1.1548620256795616
(05003 05011) 0.7164565498525681
(05003 05012) 1.5371444269121628
(05003 05013) 1.418687625001256
(05003 05014) 0.7142462903099619
(05003 05015) 1.4983751930505158
(05003 05016) 0.803136991730398
(05003 05017) 0.7617256097216448
(05003 05018) 1.0572963513656062
(05003 05019) 0.6532027280225753
(05003 05020) 1.2333683240398785
(05003 05021) 1.0805896368228158
(05003 05022) 1.180351861808023
(05003 05023) 1.284778491030657
(05003 05024) 0.8403893757335447
(05003 05025) 0.7501584208906866
(05003 05026) 1.9012243449458799
(05003 05027) 1.2647938811478394
(05003 05028) 0.4482953521767579
(05003 05029) 0.9135562480691798
(05003 05030) 1.0616045643758747
(05003 05031) 0.6194334851694957
(05003 05032) 1.144589823193673
(05003 05033) 0.5654902863243749
(05003 05034) 1.9806640733867726
(05003 05035) 0.9531614830253272
(05003 05036) 0.7923010438059419
(05003 05037) 1.2482560809967218
(05003 05038) 0.6226543061880092
(05004 05001) 1.9660179113372052
(05004 05002) 0.5719160964219636
(05004 05003) 1.2074598153393523
(05004 05004) 0.0
(05004 05005) 0.5292764532533791
(05004 05006) 0.2394293487705573
(05004 05007) 0.7875250916825535
(05004 05008) 1.966972063719481
(05004 05009) 1.0765398818858054
(05004 05010) 0.06855258155901472
(05004 05011) 0.9965713114733145
(05004 05012) 1.966972063719481
(05004 05013) 1.9632474320455737
(05004 05014) 1.1883639565377027
(05004 05015) 1.9660179113372052
(05004 05016) 1.3476967987747155
(05004 05017) 0.5825924349022764
(05004 05018) 0.24871031658704965
(05004 05019) 0.9665293581586084
(05004 05020) 1.618041415390846
(05004 05021) 1.5834809346264394
(05004 05022) 0.07289104987547408
(05004 05023) 0.7505775012603595
(05004 05024) 0.5242701072622361
(05004 05025) 0.558074221362668
(05004 05026) 1.9660179113372052
(05004 05027) 0.09467889413258607
(05004 05028) 0.913439290271381
(05004 05029) 1.3433838848764978
(05004 05030) 0.27619968138784756
(05004 05031) 1.1144625822567198
(05004 05032) 1.69383494851844
(05004 05033) 1.060502477726904
(05004 05034) 1.981610186723271
(05004 05035) 0.4204467916280156
(05004 05036) 1.3881516531783562
(05004 05037) 1.7928158880410394
(05004 05038) 1.2023888216258707
(05005 05001) 1.5177244909741736
(05005 05002) 0.42018140398777454
(05005 05003) 0.7568681424099087
(05005 05004) 0.5292764532533791
(05005 05005) 0.0
(05005 05006) 0.48238930899531074
(05005 05007) 0.29102209953146085
(05005 05008) 1.564604903583388
(05005 05009) 0.589850082733005
(05005 05010) 0.5034767234437637
(05005 05011) 0.4798468395139796
(05005 05012) 1.564604903583388
(05005 05013) 1.4339709787921942
(05005 05014) 0.6590875032843233
(05005 05015) 1.5177244909741736
(05005 05016) 0.818420345521336
(05005 05017) 0.21353104141731077
(05005 05018) 0.4325724917759315
(05005 05019) 0.4497262335773796
(05005 05020) 1.3618986953688519
(05005 05021) 1.161031732761841
(05005 05022) 0.5091257756949669
(05005 05023) 0.7444139715644708
(05005 05024) 0.3360021753409967
(05005 05025) 0.32302903554583423
(05005 05026) 1.90122434494588
(05005 05027) 0.5505011021168883
(05005 05028) 0.6600506268989647
(05005 05029) 0.9410167247404045
(05005 05030) 0.434503708845623
(05005 05031) 0.6133946298356824
(05005 05032) 1.2683763144094762
(05005 05033) 0.5765178954315836
(05005 05034) 1.9909879244011521
(05005 05035) 0.3824447688298459
(05005 05036) 0.8712547506161544
(05005 05037) 1.26353943478766
(05005 05038) 0.7228616738793914
(05006 05001) 1.9286740516299223
(05006 05002) 0.5521071675667633
(05006 05003) 1.148426976935973
(05006 05004) 0.2394293487705573
(05006 05005) 0.48238930899531074
(05006 05006) 0.0
(05006 05007) 0.7145412463352901
(05006 05008) 1.937411065723148
(05006 05009) 1.0356546145402676
(05006 05010) 0.25002251036764955
(05006 05011) 0.9566159275977957
(05006 05012) 1.937411065723148
(05006 05013) 1.916360287787505
(05006 05014) 1.1402665566256185
(05006 05015) 1.9286740516299223
(05006 05016) 1.300809654516647
(05006 05017) 0.5525606874984665
(05006 05018) 0.23602791910531884
(05006 05019) 0.9124014757540004
(05006 05020) 1.54005040222252
(05006 05021) 1.5480843175412364
(05006 05022) 0.2510321071673338
(05006 05023) 0.7218544897292015
(05006 05024) 0.4811598002088062
(05006 05025) 0.543829610260722
(05006 05026) 1.9076213648965237
(05006 05027) 0.3287593263147145
(05006 05028) 0.8674248384079727
(05006 05029) 1.3138228868801647
(05006 05030) 0.26185876318552537
(05006 05031) 1.0661527328166738
(05006 05032) 1.6331771584482961
(05006 05033) 0.9927436434754252
(05006 05034) 1.9661951040449817
(05006 05035) 0.3710884673978348
(05006 05036) 1.348913502195692
(05006 05037) 1.745928743782971
(05006 05038) 1.127220470113189
(05007 05001) 1.320389705991507
(05007 05002) 0.5370722204801971
(05007 05003) 0.7352534269978885
(05007 05004) 0.7875250916825535
(05007 05005) 0.29102209953146085
(05007 05006) 0.7145412463352901
(05007 05007) 0.0
(05007 05008) 1.337297224606631
(05007 05009) 0.4694002904171047
(05007 05010) 0.760814420309052
(05007 05011) 0.26915168590422534
(05007 05012) 1.337297224606631
(05007 05013) 1.2263111797277437
(05007 05014) 0.44623022716186134
(05007 05015) 1.320389705991507
(05007 05016) 0.6107605464568854
(05007 05017) 0.3421037704122444
(05007 05018) 0.6727114216846092
(05007 05019) 0.23267892497148193
(05007 05020) 1.342230482530795
(05007 05021) 0.9233990397032996
(05007 05022) 0.7646064345055332
(05007 05023) 0.766700830361925
(05007 05024) 0.4368467750286646
(05007 05025) 0.4443650049725182
(05007 05026) 1.8655580558065292
(05007 05027) 0.8101464020234482
(05007 05028) 0.6288287593891533
(05007 05029) 0.7137090457636475
(05007 05030) 0.6804696951738801
(05007 05031) 0.39936056696321637
(05007 05032) 1.123818053927362
(05007 05033) 0.5883405414978259
(05007 05034) 1.955321635261801
(05007 05035) 0.6014739416761811
(05007 05036) 0.6583974744936922
(05007 05037) 1.0558796357232096
(05007 05038) 0.5255382303253019
(05008 05001) 0.28571428571428575
(05008 05002) 1.7919534488729465
(05008 05003) 1.5371444269121628
(05008 05004) 1.966972063719481
(05008 05005) 1.564604903583388
(05008 05006) 1.937411065723148
(05008 05007) 1.337297224606631
(05008 05008) 0.0
(05008 05009) 1.4388748614587388
(05008 05010) 1.951290884015342
(05008 05011) 1.2503003369634225
(05008 05012) 0.0
(05008 05013) 0.5862972669412205
(05008 05014) 1.235071673555536
(05008 05015) 0.5089387599847852
(05008 05016) 0.9105469415573353
(05008 05017) 1.6567279563386408
(05008 05018) 1.9007652792227143
(05008 05019) 1.257224192033549
(05008 05020) 1.677321082289622
(05008 05021) 0.6996815400579668
(05008 05022) 1.9523956820626962
(05008 05023) 1.986520538144739
(05008 05024) 1.7435813607239192
(05008 05025) 1.731042452580509
(05008 05026) 1.909741527178092
(05008 05027) 1.9904520371717198
(05008 05028) 1.700057305823836
(05008 05029) 0.6235881788429832
(05008 05030) 1.9083402240322007
(05008 05031) 1.2013373601331052
(05008 05032) 1.443630889915997
(05008 05033) 1.5599965380622964
(05008 05034) 1.9960311669571635
(05008 05035) 1.8685132069335655
(05008 05036) 1.2000160913991471
(05008 05037) 0.6184519472107523
(05008 05038) 1.359532239793145
(05009 05001) 1.3657379203029927
(05009 05002) 0.7154301931208542
(05009 05003) 0.3752711358499144
(05009 05004) 1.0765398818858054
(05009 05005) 0.589850082733005
(05009 05006) 1.0356546145402676
(05009 05007) 0.4694002904171047
(05009 05008) 1.4388748614587388
(05009 05009) 0.0
(05009 05010) 1.0091865299767508
(05009 05011) 0.39537402118715836
(05009 05012) 1.4388748614587388
(05009 05013) 1.252446033132464
(05009 05014) 0.4624011821958708
(05009 05015) 1.3657379203029927
(05009 05016) 0.6368953998616054
(05009 05017) 0.5474024818256397
(05009 05018) 0.8624803608736703
(05009 05019) 0.36934156736731755
(05009 05020) 1.217685856928212
(05009 05021) 0.9749117696197631
(05009 05022) 1.041037777133259
(05009 05023) 1.1299375542340404
(05009 05024) 0.6943182878926233
(05009 05025) 0.5871275525774616
(05009 05026) 1.9012243449458806
(05009 05027) 1.1042752833239726
(05009 05028) 0.374245769145023
(05009 05029) 0.8152866826157551
(05009 05030) 0.8586177559915782
(05009 05031) 0.3201671765661306
(05009 05032) 1.0673909309249487
(05009 05033) 0.3719207938963604
(05009 05034) 1.980664073386773
(05009 05035) 0.7849020854340168
(05009 05036) 0.6412261485668422
(05009 05037) 1.0820144891279295
(05009 05038) 0.4665409618938117
(05010 05001) 1.9449165454042099
(05010 05002) 0.5328978468439333
(05010 05003) 1.1548620256795616
(05010 05004) 0.06855258155901472
(05010 05005) 0.5034767234437637
(05010 05006) 0.25002251036764955
(05010 05007) 0.760814420309052
(05010 05008) 1.951290884015342
(05010 05009) 1.0091865299767508
(05010 05010) 0.0
(05010 05011) 0.9719395424911629
(05010 05012) 1.951290884015342
(05010 05013) 1.937447702235958
(05010 05014) 1.1618591698483989
(05010 05015) 1.9449165454042099
(05010 05016) 1.3218970689650997
(05010 05017) 0.5481452851635482
(05010 05018) 0.20318003755203048
(05010 05019) 0.9186744421587971
(05010 05020) 1.6001944866489857
(05010 05021) 1.5722821367429487
(05010 05022) 0.03946160667327501
(05010 05023) 0.7431270083236141
(05010 05024) 0.5433806715433565
(05010 05025) 0.5300867280501138
(05010 05026) 1.9449165454042099
(05010 05027) 0.1159574527829165
(05010 05028) 0.8762490656930036
(05010 05029) 1.3277027051723589
(05010 05030) 0.23718143180981724
(05010 05031) 1.048238499323058
(05010 05032) 1.6981413353337527
(05010 05033) 0.9921607796948919
(05010 05034) 1.980664073386773
(05010 05035) 0.3814285420499854
(05010 05036) 1.332188779397625
(05010 05037) 1.7670161582314239
(05010 05038) 1.177226856860305
(05011 05001) 1.170483957610978
(05011 05002) 0.7521348389319126
(05011 05003) 0.7164565498525681
(05011 05004) 0.9965713114733145
(05011 05005) 0.4798468395139796
(05011 05006) 0.9566159275977957
(05011 05007) 0.26915168590422534
(05011 05008) 1.2503003369634225
(05011 05009) 0.39537402118715836
(05011 05010) 0.9719395424911629
(05011 05011) 0.0
(05011 05012) 1.2503003369634225
(05011 05013) 0.9670752551643308
(05011 05014) 0.1921917796564599
(05011 05015) 1.1704839576109782
(05011 05016) 0.35152462189347256
(05011 05017) 0.525897570125795
(05011 05018) 0.8994682154037953
(05011 05019) 0.1414467194027919
(05011 05020) 1.3380208698190386
(05011 05021) 0.7198440086535338
(05011 05022) 0.9780772447925907
(05011 05023) 1.019934311015015
(05011 05024) 0.6667963524405216
(05011 05025) 0.6536687849162538
(05011 05026) 1.9012243449458806
(05011 05027) 1.0199404752514067
(05011 05028) 0.6502054347321432
(05011 05029) 0.6267121581204392
(05011 05030) 0.9013994324734865
(05011 05031) 0.25320298058637125
(05011 05032) 1.1344511848559695
(05011 05033) 0.5602670396639319
(05011 05034) 1.981142732234331
(05011 05035) 0.8493404924577094
(05011 05036) 0.41326335441045725
(05011 05037) 0.7966437111597967
(05011 05038) 0.3620919293619556
(05012 05001) 0.28571428571428575
(05012 05002) 1.7919534488729465
(05012 05003) 1.5371444269121628
(05012 05004) 1.966972063719481
(05012 05005) 1.564604903583388
(05012 05006) 1.937411065723148
(05012 05007) 1.337297224606631
(05012 05008) 0.0
(05012 05009) 1.4388748614587388
(05012 05010) 1.951290884015342
(05012 05011) 1.2503003369634225
(05012 05012) 0.0
(05012 05013) 0.5862972669412205
(05012 05014) 1.235071673555536
(05012 05015) 0.5089387599847852
(05012 05016) 0.9105469415573353
(05012 05017) 1.6567279563386408
(05012 05018) 1.9007652792227143
(05012 05019) 1.257224192033549
(05012 05020) 1.677321082289622
(05012 05021) 0.6996815400579668
(05012 05022) 1.9523956820626962
(05012 05023) 1.986520538144739
(05012 05024) 1.7435813607239192
(05012 05025) 1.731042452580509
(05012 05026) 1.909741527178092
(05012 05027) 1.9904520371717198
(05012 05028) 1.700057305823836
(05012 05029) 0.6235881788429832
(05012 05030) 1.9083402240322007
(05012 05031) 1.2013373601331052
(05012 05032) 1.443630889915997
(05012 05033) 1.5599965380622964
(05012 05034) 1.9960311669571635
(05012 05035) 1.8685132069335655
(05012 05036) 1.2000160913991471
(05012 05037) 0.6184519472107523
(05012 05038) 1.359532239793145
(05013 05001) 0.3758891800823661
(05013 05002) 1.719210094096243
(05013 05003) 1.418687625001256
(05013 05004) 1.9632474320455737
(05013 05005) 1.4339709787921942
(05013 05006) 1.916360287787505
(05013 05007) 1.2263111797277437
(05013 05008) 0.5862972669412205
(05013 05009) 1.252446033132464
(05013 05010) 1.937447702235958
(05013 05011) 0.9670752551643308
(05013 05012) 0.5862972669412205
(05013 05013) 0.0
(05013 05014) 0.790044850936593
(05013 05015) 0.3758891800823661
(05013 05016) 0.6155506332708582
(05013 05017) 1.4927411400510706
(05013 05018) 1.8665434705681254
(05013 05019) 1.1054160508478277
(05013 05020) 1.5785792316410332
(05013 05021) 0.3807206498014098
(05013 05022) 1.9430967544871611
(05013 05023) 1.9753454135340862
(05013 05024) 1.6336886960556534
(05013 05025) 1.6207440400805846
(05013 05026) 1.9012243449458806
(05013 05027) 1.9844720809090828
(05013 05028) 1.6131421220905846
(05013 05029) 0.6235881788429833
(05013 05030) 1.8684746876378173
(05013 05031) 1.0211154655921524
(05013 05032) 1.3177420173579188
(05013 05033) 1.4367548633885203
(05013 05034) 1.9917598333052546
(05013 05035) 1.8164157476220404
(05013 05036) 0.7958001448225924
(05013 05037) 0.17043154400453406
(05013 05038) 0.913503985207236
(05014 05001) 1.1460733444727815
(05014 05002) 0.9355350344912055
(05014 05003) 0.7142462903099619
(05014 05004) 1.1883639565377027
(05014 05005) 0.6590875032843233
(05014 05006) 1.1402665566256185
(05014 05007) 0.44623022716186134
(05014 05008) 1.235071673555536
(05014 05009) 0.4624011821958708
(05014 05010) 1.1618591698483989
(05014 05011) 0.1921917796564599
(05014 05012) 1.235071673555536
(05014 05013) 0.790044850936593
(05014 05014) 0.0
(05014 05015) 1.1460733444727815
(05014 05016) 0.3245247319982008
(05014 05017) 0.70925415642838
(05014 05018) 1.0840565717456128
(05014 05019) 0.31537119991123475
(05014 05020) 1.3441647063967206
(05014 05021) 0.5962911246594111
(05014 05022) 1.167453243800519
(05014 05023) 1.2004619380262151
(05014 05024) 0.8496724421750693
(05014 05025) 0.8306991891439915
(05014 05026) 1.9012243449458803
(05014 05027) 1.2093046676161545
(05014 05028) 0.8230972711539916
(05014 05029) 0.6114834947125527
(05014 05030) 1.0821660355873977
(05014 05031) 0.28036355902425397
(05014 05032) 1.1322409253133638
(05014 05033) 0.6467100124519272
(05014 05034) 1.9909879244011524
(05014 05035) 1.0266816689206544
(05014 05036) 0.25297812337421904
(05014 05037) 0.7207636529498279
(05014 05038) 0.22619848154614
(05015 05001) 0.2232244742704994
(05015 05002) 1.7697965534695632
(05015 05003) 1.4983751930505158
(05015 05004) 1.9660179113372052
(05015 05005) 1.5177244909741736
(05015 05006) 1.9286740516299223
(05015 05007) 1.320389705991507
(05015 05008) 0.5089387599847852
(05015 05009) 1.3657379203029927
(05015 05010) 1.9449165454042099
(05015 05011) 1.1704839576109782
(05015 05012) 0.5089387599847852
(05015 05013) 0.3758891800823661
(05015 05014) 1.1460733444727815
(05015 05015) 0.0
(05015 05016) 0.8219458170046003
(05015 05017) 1.5766798917471418
(05015 05018) 1.8855950417464111
(05015 05019) 1.2093468558656288
(05015 05020) 1.61951396001671
(05015 05021) 0.6996815400579668
(05015 05022) 1.9470938029295266
(05015 05023) 1.9810038127355072
(05015 05024) 1.7242517016193055
(05015 05025) 1.7030529011566542
(05015 05026) 1.9012243449458803
(05015 05027) 1.986505315526728
(05015 05028) 1.6683867194766446
(05015 05029) 0.6235881788429831
(05015 05030) 1.8922381064759446
(05015 05031) 1.0967804001040868
(05015 05032) 1.3987626701560778
(05015 05033) 1.513068539200105
(05015 05034) 1.9954764259333835
(05015 05035) 1.8496046216076416
(05015 05036) 1.1389492316356906
(05015 05037) 0.4253096915229535
(05015 05038) 1.2315687340299615
(05016 05001) 0.8219458170046003
(05016 05002) 1.1036594608253851
(05016 05003) 0.803136991730398
(05016 05004) 1.3476967987747155
(05016 05005) 0.818420345521336
(05016 05006) 1.300809654516647
(05016 05007) 0.6107605464568854
(05016 05008) 0.9105469415573353
(05016 05009) 0.6368953998616054
(05016 05010) 1.3218970689650997
(05016 05011) 0.35152462189347256
(05016 05012) 0.9105469415573353
(05016 05013) 0.6155506332708582
(05016 05014) 0.3245247319982008
(05016 05015) 0.8219458170046003
(05016 05016) 0.0
(05016 05017) 0.8771905067802127
(05016 05018) 1.2509928372972672
(05016 05019) 0.48986541757696966
(05016 05020) 1.3509719857051545
(05016 05021) 0.38433209918402517
(05016 05022) 1.3275461212163029
(05016 05023) 1.3597947802632282
(05016 05024) 1.018138062784795
(05016 05025) 1.0051934068097264
(05016 05026) 1.90122434494588
(05016 05027) 1.3689214476382248
(05016 05028) 0.9975914888197264
(05016 05029) 0.29499630828647716
(05016 05030) 1.252924054366959
(05016 05031) 0.4215206677975776
(05016 05032) 1.1474023007420857
(05016 05033) 0.8212042301176623
(05016 05034) 1.9909879244011524
(05016 05035) 1.200865114351182
(05016 05036) 0.3698378197259085
(05016 05037) 0.4451190892663242
(05016 05038) 0.44898529823580996
(05017 05001) 1.5766798917471418
(05017 05002) 0.26968001393273033
(05017 05003) 0.7617256097216448
(05017 05004) 0.5825924349022764
(05017 05005) 0.21353104141731077
(05017 05006) 0.5525606874984665
(05017 05007) 0.3421037704122444
(05017 05008) 1.6567279563386408
(05017 05009) 0.5474024818256397
(05017 05010) 0.5481452851635482
(05017 05011) 0.525897570125795
(05017 05012) 1.6567279563386408
(05017 05013) 1.4927411400510706
(05017 05014) 0.70925415642838
(05017 05015) 1.5766798917471418
(05017 05016) 0.8771905067802127
(05017 05017) 0.0
(05017 05018) 0.4079624589816224
(05017 05019) 0.48702474194543166
(05017 05020) 1.2043844191173474
(05017 05021) 1.229584743407947
(05017 05022) 0.5803169693977906
(05017 05023) 0.7173957851787749
(05017 05024) 0.20465877403368773
(05017 05025) 0.16916773332330468
(05017 05026) 1.8754931218010407
(05017 05027) 0.6029151162890393
(05017 05028) 0.5040296100420182
(05017 05029) 1.033139777495658
(05017 05030) 0.40713044190619563
(05017 05031) 0.5888949143423323
(05017 05032) 1.2608231270501535
(05017 05033) 0.5584402033422395
(05017 05034) 1.9549328502419336
(05017 05035) 0.32367460757096933
(05017 05036) 0.9028456500535963
(05017 05037) 1.3223095960465365
(05017 05038) 0.7386882194112718
(05018 05001) 1.8855950417464111
(05018 05002) 0.36093092507734414
(05018 05003) 1.0572963513656062
(05018 05004) 0.24871031658704965
(05018 05005) 0.4325724917759315
(05018 05006) 0.23602791910531884
(05018 05007) 0.6727114216846092
(05018 05008) 1.9007652792227143
(05018 05009) 0.8624803608736703
(05018 05010) 0.20318003755203048
(05018 05011) 0.8994682154037953
(05018 05012) 1.9007652792227143
(05018 05013) 1.8665434705681254
(05018 05014) 1.0840565717456128
(05018 05015) 1.8855950417464111
(05018 05016) 1.2509928372972672
(05018 05017) 0.4079624589816224
(05018 05018) 0.0
(05018 05019) 0.8241287444944752
(05018 05020) 1.4824289629895508
(05018 05021) 1.5299189819033447
(05018 05022) 0.23965425459638764
(05018 05023) 0.7377239707049131
(05018 05024) 0.43586493125769954
(05018 05025) 0.37122330628288946
(05018 05026) 1.8958213073271792
(05018 05027) 0.27716568979551715
(05018 05028) 0.7217320891960692
(05018 05029) 1.2771771003797312
(05018 05030) 0.06618993795846678
(05018 05031) 0.9113111828795879
(05018 05032) 1.5996074342894733
(05018 05033) 0.8353189796894926
(05018 05034) 1.9752610357680722
(05018 05035) 0.2087905996106345
(05018 05036) 1.2543861812948385
(05018 05037) 1.6961119265635916
(05018 05038) 1.0973641469473394
(05019 05001) 1.2093468558656288
(05019 05002) 0.6738716336151096
(05019 05003) 0.6532027280225753
(05019 05004) 0.9665293581586084
(05019 05005) 0.4497262335773796
(05019 05006) 0.9124014757540004
(05019 05007) 0.23267892497148193
(05019 05008) 1.257224192033549
(05019 05009) 0.36934156736731755
(05019 05010) 0.9186744421587971
(05019 05011) 0.1414467194027919
(05019 05012) 1.257224192033549
(05019 05013) 1.1054160508478277
(05019 05014) 0.31537119991123475
(05019 05015) 1.2093468558656288
(05019 05016) 0.48986541757696966
(05019 05017) 0.48702474194543166
(05019 05018) 0.8241287444944752
(05019 05019) 0.0
(05019 05020) 1.3037321051166206
(05019 05021) 0.8262457611525068
(05019 05022) 0.934548007062935
(05019 05023) 0.9898702258564008
(05019 05024) 0.595900151488361
(05019 05025) 0.56719566291845
(05019 05026) 1.90122434494588
(05019 05027) 0.9867263650378093
(05019 05028) 0.5853452108453042
(05019 05029) 0.6336360131905658
(05019 05030) 0.785435857749584
(05019 05031) 0.24478688663632178
(05019 05032) 1.1063383666245117
(05019 05033) 0.45069063802450177
(05019 05034) 1.980664073386773
(05019 05035) 0.7583737457470608
(05019 05036) 0.49573984422241363
(05019 05037) 0.9349845068432938
(05019 05038) 0.43063902953509015
(05020 05001) 1.61951396001671
(05020 05002) 1.3413211404951009
(05020 05003) 1.2333683240398785
(05020 05004) 1.618041415390846
(05020 05005) 1.3618986953688519
(05020 05006) 1.54005040222252
(05020 05007) 1.342230482530795
(05020 05008) 1.677321082289622
(05020 05009) 1.217685856928212
(05020 05010) 1.6001944866489857
(05020 05011) 1.3380208698190386
(05020 05012) 1.677321082289622
(05020 05013) 1.5785792316410332
(05020 05014) 1.3441647063967206
(05020 05015) 1.61951396001671
(05020 05016) 1.3509719857051545
(05020 05017) 1.2043844191173474
(05020 05018) 1.4824289629895508
(05020 05019) 1.3037321051166206
(05020 05020) 0.0
(05020 05021) 1.3478781168162244
(05020 05022) 1.6333375021851628
(05020 05023) 1.003324196033737
(05020 05024) 1.2592636273059854
(05020 05025) 1.2530898693737405
(05020 05026) 0.7904733882425592
(05020 05027) 1.7042958273666997
(05020 05028) 1.1307666985640334
(05020 05029) 1.4497138363537436
(05020 05030) 1.498039531873059
(05020 05031) 1.2536956823530185
(05020 05032) 0.31221463571591185
(05020 05033) 1.232610552187028
(05020 05034) 0.8699131166834521
(05020 05035) 1.396984718732144
(05020 05036) 1.3023270686141155
(05020 05037) 1.4081476876364991
(05020 05038) 1.2750942155297214
(05021 05001) 0.6996815400579668
(05021 05002) 1.3739518897630225
(05021 05003) 1.0805896368228158
(05021 05004) 1.5834809346264394
(05021 05005) 1.161031732761841
(05021 05006) 1.5480843175412364
(05021 05007) 0.9233990397032996
(05021 05008) 0.6996815400579668
(05021 05009) 0.9749117696197631
(05021 05010) 1.5722821367429487
(05021 05011) 0.7198440086535338
(05021 05012) 0.6996815400579668
(05021 05013) 0.3807206498014098
(05021 05014) 0.5962911246594111
(05021 05015) 0.6996815400579668
(05021 05016) 0.38433209918402517
(05021 05017) 1.229584743407947
(05021 05018) 1.5299189819033447
(05021 05019) 0.8262457611525068
(05021 05020) 1.3478781168162244
(05021 05021) 0.0
(05021 05022) 1.5735275280080092
(05021 05023) 1.6598120378408796
(05021 05024) 1.2722977053588573
(05021 05025) 1.2680129417030295
(05021 05026) 1.909741527178092
(05021 05027) 1.6466073292758938
(05021 05028) 1.2640920586363658
(05021 05029) 0.37986188141839916
(05021 05030) 1.541945769397964
(05021 05031) 0.7986247997579292
(05021 05032) 1.1313695293401633
(05021 05033) 1.1352302078678294
(05021 05034) 1.9843146982012585
(05021 05035) 1.469097991656047
(05021 05036) 0.5540075752793491
(05021 05037) 0.27437184853501323
(05021 05038) 0.6746990939321484
(05022 05001) 1.9470938029295266
(05022 05002) 0.5693720638882903
(05022 05003) 1.180351861808023
(05022 05004) 0.07289104987547408
(05022 05005) 0.5091257756949669
(05022 05006) 0.2510321071673338
(05022 05007) 0.7646064345055332
(05022 05008) 1.9523956820626962
(05022 05009) 1.041037777133259
(05022 05010) 0.03946160667327501
(05022 05011) 0.9780772447925907
(05022 05012) 1.9523956820626962
(05022 05013) 1.9430967544871611
(05022 05014) 1.167453243800519
(05022 05015) 1.9470938029295266
(05022 05016) 1.3275461212163029
(05022 05017) 0.5803169693977906
(05022 05018) 0.23965425459638764
(05022 05019) 0.934548007062935
(05022 05020) 1.6333375021851628
(05022 05021) 1.5735275280080092
(05022 05022) 0.0
(05022 05023) 0.7450032053587317
(05022 05024) 0.5651664098468198
(05022 05025) 0.5632297435862912
(05022 05026) 1.9470938029295266
(05022 05027) 0.09112662378010117
(05022 05028) 0.9089034311789557
(05022 05029) 1.3288075032197129
(05022 05030) 0.2736556488541743
(05022 05031) 1.0803440826840895
(05022 05032) 1.7074472820997166
(05022 05033) 1.0224702796194753
(05022 05034) 1.980664073386773
(05022 05035) 0.4179027590943425
(05022 05036) 1.360588330164839
(05022 05037) 1.7726652104826268
(05022 05038) 1.1788091969098804
(05023 05001) 1.981003812735507
(05023 05002) 0.7431270083236142
(05023 05003) 1.284778491030657
(05023 05004) 0.7505775012603595
(05023 05005) 0.7444139715644708
(05023 05006) 0.7218544897292015
(05023 05007) 0.766700830361925
(05023 05008) 1.986520538144739
(05023 05009) 1.1299375542340404
(05023 05010) 0.7431270083236141
(05023 05011) 1.019934311015015
(05023 05012) 1.986520538144739
(05023 05013) 1.9753454135340862
(05023 05014) 1.2004619380262151
(05023 05015) 1.9810038127355072
(05023 05016) 1.3597947802632282
(05023 05017) 0.7173957851787749
(05023 05018) 0.7377239707049131
(05023 05019) 0.9898702258564008
(05023 05020) 1.003324196033737
(05023 05021) 1.6598120378408796
(05023 05022) 0.7450032053587317
(05023 05023) 0.0
(05023 05024) 0.7341593910362373
(05023 05025) 0.7431270083236141
(05023 05026) 1.2378768044118926
(05023 05027) 0.7522536756986103
(05023 05028) 0.9333500234306634
(05023 05029) 1.3629323593017557
(05023 05030) 0.743127008323614
(05023 05031) 1.145393523666673
(05023 05032) 1.0605917253537822
(05023 05033) 1.1091655305622243
(05023 05034) 1.2466304736146676
(05023 05035) 0.7166924278853146
(05023 05036) 1.4113987428951755
(05023 05037) 1.8049138695295521
(05023 05038) 1.2641795878432969
(05024 05001) 1.7242517016193055
(05024 05002) 0.1940257941281698
(05024 05003) 0.8403893757335447
(05024 05004) 0.5242701072622361
(05024 05005) 0.3360021753409967
(05024 05006) 0.4811598002088062
(05024 05007) 0.4368467750286646
(05024 05008) 1.7435813607239192
(05024 05009) 0.6943182878926233
(05024 05010) 0.5433806715433565
(05024 05011) 0.6667963524405216
(05024 05012) 1.7435813607239192
(05024 05013) 1.6336886960556534
(05024 05014) 0.8496724421750693
(05024 05015) 1.7242517016193055
(05024 05016) 1.018138062784795
(05024 05017) 0.20465877403368773
(05024 05018) 0.43586493125769954
(05024 05019) 0.595900151488361
(05024 05020) 1.2592636273059854
(05024 05021) 1.2722977053588573
(05024 05022) 0.5651664098468198
(05024 05023) 0.7341593910362373
(05024 05024) 0.0
(05024 05025) 0.1546655060193644
(05024 05026) 1.8922567276585038
(05024 05027) 0.6143847393215262
(05024 05028) 0.5554234832954069
(05024 05029) 1.119993181880936
(05024 05030) 0.43869291929152576
(05024 05031) 0.7600712223816622
(05024 05032) 1.3289730217008202
(05024 05033) 0.6945469519040313
(05024 05034) 1.9716964560993964
(05024 05035) 0.3201305040061439
(05024 05036) 1.0303583398744443
(05024 05037) 1.463257152051119
(05024 05038) 0.8509146111468014
(05025 05001) 1.7030529011566542
(05025 05002) 0.17188740126306637
(05025 05003) 0.7501584208906866
(05025 05004) 0.558074221362668
(05025 05005) 0.32302903554583423
(05025 05006) 0.543829610260722
(05025 05007) 0.4443650049725182
(05025 05008) 1.731042452580509
(05025 05009) 0.5871275525774616
(05025 05010) 0.5300867280501138
(05025 05011) 0.6536687849162538
(05025 05012) 1.731042452580509
(05025 05013) 1.6207440400805846
(05025 05014) 0.8306991891439915
(05025 05015) 1.7030529011566542
(05025 05016) 1.0051934068097264
(05025 05017) 0.16916773332330468
(05025 05018) 0.37122330628288946
(05025 05019) 0.56719566291845
(05025 05020) 1.2530898693737405
(05025 05021) 1.2680129417030295
(05025 05022) 0.5632297435862912
(05025 05023) 0.7431270083236141
(05025 05024) 0.1546655060193644
(05025 05025) 0.0
(05025 05026) 1.9012243449458806
(05025 05027) 0.617763101884426
(05025 05028) 0.44813159059482865
(05025 05029) 1.1074542737375261
(05025 05030) 0.37485197769834955
(05025 05031) 0.6600275682081901
(05025 05032) 1.309617766592798
(05025 05033) 0.5680180157577861
(05025 05034) 1.9806640733867733
(05025 05035) 0.2462708470775709
(05025 05036) 0.9985517896369313
(05025 05037) 1.4503124960760507
(05025 05038) 0.8159333797796539
(05026 05001) 1.9012243449458803
(05026 05002) 1.9012243449458803
(05026 05003) 1.9012243449458799
(05026 05004) 1.9660179113372052
(05026 05005) 1.90122434494588
(05026 05006) 1.9076213648965237
(05026 05007) 1.8655580558065292
(05026 05008) 1.909741527178092
(05026 05009) 1.9012243449458806
(05026 05010) 1.9449165454042099
(05026 05011) 1.9012243449458806
(05026 05012) 1.909741527178092
(05026 05013) 1.9012243449458806
(05026 05014) 1.9012243449458803
(05026 05015) 1.9012243449458803
(05026 05016) 1.90122434494588
(05026 05017) 1.8754931218010407
(05026 05018) 1.8958213073271792
(05026 05019) 1.90122434494588
(05026 05020) 0.7904733882425592
(05026 05021) 1.909741527178092
(05026 05022) 1.9470938029295266
(05026 05023) 1.2378768044118926
(05026 05024) 1.8922567276585038
(05026 05025) 1.9012243449458806
(05026 05026) 0.0
(05026 05027) 1.986505315526728
(05026 05028) 1.8135508924969481
(05026 05029) 1.909741527178092
(05026 05030) 1.9012243449458803
(05026 05031) 1.9012243449458803
(05026 05032) 0.9148832799875565
(05026 05033) 1.9012243449458803
(05026 05034) 0.09425208098750325
(05026 05035) 1.8747897645075808
(05026 05036) 1.9012243449458803
(05026 05037) 1.9012243449458803
(05026 05038) 1.9012243449458803
(05027 05001) 1.986505315526728
(05027 05002) 0.6164494163107075
(05027 05003) 1.2647938811478394
(05027 05004) 0.09467889413258607
(05027 05005) 0.5505011021168883
(05027 05006) 0.3287593263147145
(05027 05007) 0.8101464020234482
(05027 05008) 1.9904520371717198
(05027 05009) 1.1042752833239726
(05027 05010) 0.1159574527829165
(05027 05011) 1.0199404752514067
(05027 05012) 1.9904520371717198
(05027 05013) 1.9844720809090828
(05027 05014) 1.2093046676161545
(05027 05015) 1.986505315526728
(05027 05016) 1.3689214476382248
(05027 05017) 0.6029151162890393
(05027 05018) 0.27716568979551715
(05027 05019) 0.9867263650378093
(05027 05020) 1.7042958273666997
(05027 05021) 1.6466073292758938
(05027 05022) 0.09112662378010117
(05027 05023) 0.7522536756986103
(05027 05024) 0.6143847393215262
(05027 05025) 0.617763101884426
(05027 05026) 1.986505315526728
(05027 05027) 0.0
(05027 05028) 0.973294094596931
(05027 05029) 1.3668638583287365
(05027 05030) 0.2959489373360968
(05027 05031) 1.1336953372284617
(05027 05032) 1.7740387130530937
(05027 05033) 1.0846587018767089
(05027 05034) 1.9823474313972573
(05027 05035) 0.4637913530720732
(05027 05036) 1.4091696606335387
(05027 05037) 1.8140405369045487
(05027 05038) 1.256872114706089
(05028 05001) 1.6683867194766446
(05028 05002) 0.5555856057399597
(05028 05003) 0.4482953521767579
(05028 05004) 0.913439290271381
(05028 05005) 0.6600506268989647
(05028 05006) 0.8674248384079727
(05028 05007) 0.6288287593891533
(05028 05008) 1.700057305823836
(05028 05009) 0.374245769145023
(05028 05010) 0.8762490656930036
(05028 05011) 0.6502054347321432
(05028 05012) 1.700057305823836
(05028 05013) 1.6131421220905846
(05028 05014) 0.8230972711539916
(05028 05015) 1.6683867194766446
(05028 05016) 0.9975914888197264
(05028 05017) 0.5040296100420182
(05028 05018) 0.7217320891960692
(05028 05019) 0.5853452108453042
(05028 05020) 1.1307666985640334
(05028 05021) 1.2640920586363658
(05028 05022) 0.9089034311789557
(05028 05023) 0.9333500234306634
(05028 05024) 0.5554234832954069
(05028 05025) 0.44813159059482865
(05028 05026) 1.8135508924969481
(05028 05027) 0.973294094596931
(05028 05028) 0.0
(05028 05029) 1.0764691269808528
(05028 05030) 0.7195233961476827
(05028 05031) 0.6397310987594202
(05028 05032) 1.2255246291709212
(05028 05033) 0.5170740399981706
(05028 05034) 1.8929906209378409
(05028 05035) 0.5974565709623276
(05028 05036) 0.9933687776635696
(05028 05037) 1.4427105780860505
(05028 05038) 0.8121294326506459
(05029 05001) 0.6235881788429831
(05029 05002) 1.1683652700299634
(05029 05003) 0.9135562480691798
(05029 05004) 1.3433838848764978
(05029 05005) 0.9410167247404045
(05029 05006) 1.3138228868801647
(05029 05007) 0.7137090457636475
(05029 05008) 0.6235881788429832
(05029 05009) 0.8152866826157551
(05029 05010) 1.3277027051723589
(05029 05011) 0.6267121581204392
(05029 05012) 0.6235881788429832
(05029 05013) 0.6235881788429833
(05029 05014) 0.6114834947125527
(05029 05015) 0.6235881788429831
(05029 05016) 0.29499630828647716
(05029 05017) 1.033139777495658
(05029 05018) 1.2771771003797312
(05029 05019) 0.6336360131905658
(05029 05020) 1.4497138363537436
(05029 05021) 0.37986188141839916
(05029 05022) 1.3288075032197129
(05029 05023) 1.3629323593017557
(05029 05024) 1.119993181880936
(05029 05025) 1.1074542737375261
(05029 05026) 1.909741527178092
(05029 05027) 1.3668638583287365
(05029 05028) 1.0764691269808528
(05029 05029) 0.0
(05029 05030) 1.2847520451892174
(05029 05031) 0.5777491812901219
(05029 05032) 1.2732911733001644
(05029 05033) 0.9364083592193129
(05029 05034) 1.9952592580530613
(05029 05035) 1.2449250280905821
(05029 05036) 0.6372998632231074
(05029 05037) 0.4531566348384492
(05029 05038) 0.7359440609501618
(05030 05001) 1.8922381064759446
(05030 05002) 0.3684581562598824
(05030 05003) 1.0616045643758747
(05030 05004) 0.27619968138784756
(05030 05005) 0.434503708845623
(05030 05006) 0.26185876318552537
(05030 05007) 0.6804696951738801
(05030 05008) 1.9083402240322007
(05030 05009) 0.8586177559915782
(05030 05010) 0.23718143180981724
(05030 05011) 0.9013994324734865
(05030 05012) 1.9083402240322007
(05030 05013) 1.8684746876378173
(05030 05014) 1.0821660355873977
(05030 05015) 1.8922381064759446
(05030 05016) 1.252924054366959
(05030 05017) 0.40713044190619563
(05030 05018) 0.06618993795846678
(05030 05019) 0.785435857749584
(05030 05020) 1.498039531873059
(05030 05021) 1.541945769397964
(05030 05022) 0.2736556488541743
(05030 05023) 0.743127008323614
(05030 05024) 0.43869291929152576
(05030 05025) 0.37485197769834955
(05030 05026) 1.9012243449458803
(05030 05027) 0.2959489373360968
(05030 05028) 0.7195233961476827
(05030 05029) 1.2847520451892174
(05030 05030) 0.0
(05030 05031) 0.9035462850871018
(05030 05032) 1.6103915062153487
(05030 05033) 0.8052263045003722
(05030 05034) 1.9806640733867733
(05030 05035) 0.20430216418019023
(05030 05036) 1.2524638709779872
(05030 05037) 1.698043143633283
(05030 05038) 1.0777555506807441
(05031 05001) 1.0967804001040868
(05031 05002) 0.7333115970349022
(05031 05003) 0.6194334851694957
(05031 05004) 1.1144625822567198
(05031 05005) 0.6133946298356824
(05031 05006) 1.0661527328166738
(05031 05007) 0.39936056696321637
(05031 05008) 1.2013373601331052
(05031 05009) 0.3201671765661306
(05031 05010) 1.048238499323058
(05031 05011) 0.25320298058637125
(05031 05012) 1.2013373601331052
(05031 05013) 1.0211154655921524
(05031 05014) 0.28036355902425397
(05031 05015) 1.0967804001040868
(05031 05016) 0.4215206677975776
(05031 05017) 0.5888949143423323
(05031 05018) 0.9113111828795879
(05031 05019) 0.24478688663632178
(05031 05020) 1.2536956823530185
(05031 05021) 0.7986247997579292
(05031 05022) 1.0803440826840895
(05031 05023) 1.145393523666673
(05031 05024) 0.7600712223816622
(05031 05025) 0.6600275682081901
(05031 05026) 1.9012243449458803
(05031 05027) 1.1336953372284617
(05031 05028) 0.6397310987594202
(05031 05029) 0.5777491812901219
(05031 05030) 0.9035462850871018
(05031 05031) 0.0
(05031 05032) 1.1015407578313712
(05031 05033) 0.4474153943533039
(05031 05034) 1.9806640733867729
