!n: Number of areas
n: 67
!I: Set if areas
I: [08001 08002 08003 08004 08005 08006 08007 08008 08009 08010 08011 08012 08013 08014 08015 08016 08017 08018 08019 08020 08021 08022 08023 08024 08025 08026 08027 08028 08029 08030 08031 08032 08033 08034 08035 08036 08037 08038 08039 08040 08041 08042 08043 08044 08045 08046 08047 08048 08049 08050 08051 08052 08053 08054 08055 08056 08057 08058 08059 08060 08061 08062 08063 08064 08065 08066 08067 ]
!p: Number of regions
p: 10
!K: Set of regions
K: [1 2 3 4 5 6 7 8 9 10 ]
!N: Node Neighbor Set
N: [
(08001) [08002 08005 08010 08015 08019 08028 08037]
(08002) [08001 08004 08015 08019 08038 08052 08055]
(08003) [08011 08014 08032 08036 08039 08044 08058 08067]
(08004) [08002 08019 08055]
(08005) [08001 08010 08035 08037 08050]
(08006) [08017 08031 08048]
(08007) [08027 08029 08049 08056 08059 08064]
(08008) [08027 08046 08065]
(08009) [08012 08027 08031 08041 08051 08065]
(08010) [08001 08005 08019 08023 08034 08048 08050]
(08011) [08003 08016 08036 08038 08042 08052 08058 08062]
(08012) [08009 08018 08027 08031 08049 08057]
(08013) [08023 08034 08035 08040 08050]
(08014) [08003 08036 08039 08044]
(08015) [08001 08002 08028 08052]
(08016) [08011 08058 08062]
(08017) [08006 08018 08024 08026 08031 08048 08054]
(08018) [08012 08017 08022 08026 08031 08057]
(08019) [08001 08002 08004 08010 08024 08048 08054 08055 08061]
(08020) [08030 08066]
(08021) [08045 08055 08062]
(08022) [08018 08024 08026 08057 08061]
(08023) [08010 08013 08034 08050]
(08024) [08017 08019 08022 08026 08054 08061]
(08025) [08034 08040 08048 08063]
(08026) [08017 08018 08022 08024 08054]
(08027) [08007 08008 08009 08012 08029 08046 08049 08065]
(08028) [08001 08015 08037 08052 08053]
(08029) [08007 08027 08046]
(08030) [08020 08041 08065 08066]
(08031) [08006 08009 08012 08017 08018 08043 08048 08051 08063]
(08032) [08003 08033 08044 08059 08060 08067]
(08033) [08032 08056 08059 08064 08067]
(08034) [08010 08013 08023 08025 08040 08048]
(08035) [08005 08013 08050]
(08036) [08003 08011 08014 08039]
(08037) [08001 08005 08028]
(08038) [08002 08011 08045 08052 08055 08062]
(08039) [08003 08014 08036]
(08040) [08013 08025 08034 08063]
(08041) [08009 08030 08051 08065 08066]
(08042) [08011 08052]
(08043) [08031 08048 08063]
(08044) [08003 08014 08032 08060]
(08045) [08021 08038 08055 08062]
(08046) [08008 08027 08029]
(08047) [08051 08063 08066]
(08048) [08006 08010 08017 08019 08025 08031 08034 08043 08054 08063]
(08049) [08007 08012 08027 08056 08057 08061]
(08050) [08005 08010 08013 08023 08035]
(08051) [08009 08031 08041 08047 08063 08066]
(08052) [08002 08011 08015 08028 08038 08042]
(08053) [08028]
(08054) [08017 08019 08024 08026 08048]
(08055) [08002 08004 08019 08021 08038 08045 08061 08062]
(08056) [08007 08033 08049 08061 08064 08067]
(08057) [08012 08018 08022 08049 08061]
(08058) [08003 08011 08016 08062 08067]
(08059) [08007 08032 08033 08060 08064]
(08060) [08032 08044 08059]
(08061) [08019 08022 08024 08049 08055 08056 08057 08062 08067]
(08062) [08011 08016 08021 08038 08045 08055 08058 08061 08067]
(08063) [08025 08031 08040 08043 08047 08048 08051]
(08064) [08007 08033 08056 08059]
(08065) [08008 08009 08027 08030 08041]
(08066) [08020 08030 08041 08047 08051]
(08067) [08003 08032 08033 08056 08058 08061 08062]
]
!d(i,j): distance list
d: [
(08001 08001) 0.0
(08001 08002) 1.2055904473829695
(08001 08003) 0.5933785448236857
(08001 08004) 0.4669676577115724
(08001 08005) 1.1821861162151683
(08001 08006) 1.3293392715271326
(08001 08007) 1.3424678445057356
(08001 08008) 1.5554283705050307
(08001 08009) 1.023348644946101
(08001 08010) 0.7486677835126854
(08001 08011) 0.7517048983594605
(08001 08012) 1.3597374228570918
(08001 08013) 1.3969956510411152
(08001 08014) 0.6306531863171965
(08001 08015) 1.73457273247501
(08001 08016) 1.477739965011643
(08001 08017) 0.3893171010397354
(08001 08018) 1.8835891254156025
(08001 08019) 0.6188248169565223
(08001 08020) 1.285346705051495
(08001 08021) 0.46759411409584345
(08001 08022) 1.55997121148324
(08001 08023) 1.6829735320752102
(08001 08024) 0.3406955538851156
(08001 08025) 0.5572908557719182
(08001 08026) 1.3595539890352137
(08001 08027) 1.12037762980434
(08001 08028) 1.5302711713787684
(08001 08029) 0.9690724359473055
(08001 08030) 1.3492059255175008
(08001 08031) 0.8122375265593226
(08001 08032) 0.9385676271322673
(08001 08033) 1.73457273247501
(08001 08034) 0.6082691616658613
(08001 08035) 1.4290331095135478
(08001 08036) 1.2047318355404095
(08001 08037) 0.34350460247703957
(08001 08038) 1.358143643356014
(08001 08039) 0.8592935112365223
(08001 08040) 0.5536223424865377
(08001 08041) 1.6501569306938584
(08001 08042) 1.6501569306938584
(08001 08043) 0.6857137130713131
(08001 08044) 0.5605285968631253
(08001 08045) 0.39528881366978524
(08001 08046) 1.4603805728663821
(08001 08047) 1.2907447543467625
(08001 08048) 0.35136817760177863
(08001 08049) 1.2776513874566078
(08001 08050) 1.1889491278706767
(08001 08051) 1.9562254206375695
(08001 08052) 0.5297319568179126
(08001 08053) 0.3030905123854777
(08001 08054) 0.6467885983578537
(08001 08055) 0.5026572630103295
(08001 08056) 1.4690546061430116
(08001 08057) 1.5041143775023693
(08001 08058) 1.6501569306938584
(08001 08059) 1.317696093162125
(08001 08060) 1.259557919815209
(08001 08061) 1.5593275147110681
(08001 08062) 0.5711268692284628
(08001 08063) 1.6467931619786613
(08001 08064) 1.376113194864121
(08001 08065) 1.6306396469613462
(08001 08066) 1.4779911761981588
(08001 08067) 1.233702293934568
(08002 08001) 1.2055904473829695
(08002 08002) 0.0
(08002 08003) 0.7018706769442512
(08002 08004) 1.4390555436095063
(08002 08005) 1.141614398832834
(08002 08006) 0.2765983727949747
(08002 08007) 0.2877955282510695
(08002 08008) 0.5270956348595517
(08002 08009) 0.4014139126855253
(08002 08010) 0.8122857579483092
(08002 08011) 0.8092734216328341
(08002 08012) 0.5165207856891724
(08002 08013) 0.5836757524052187
(08002 08014) 0.6683876690089462
(08002 08015) 0.852918235345466
(08002 08016) 0.4885290075508674
(08002 08017) 1.3537731396207247
(08002 08018) 1.9706066243883784
(08002 08019) 1.2480980970619866
(08002 08020) 0.22662556835605913
(08002 08021) 1.191505427695126
(08002 08022) 0.6783167143536961
(08002 08023) 0.801319034945666
(08002 08024) 1.2693547542778778
(08002 08025) 0.9269891950213456
(08002 08026) 0.47789949190567
(08002 08027) 0.2825987955984717
(08002 08028) 0.5545914729152499
(08002 08029) 0.3513192403113517
(08002 08030) 0.2733980341868037
(08002 08031) 0.7784321104747486
(08002 08032) 1.0210042241994202
(08002 08033) 0.852918235345466
(08002 08034) 1.6079241016539843
(08002 08035) 0.3334859121841853
(08002 08036) 0.6779758360655246
(08002 08037) 1.344892990774764
(08002 08038) 0.356507431498994
(08002 08039) 0.41870792683461616
(08002 08040) 0.8946746192979227
(08002 08041) 0.574349039363161
(08002 08042) 0.6671117837325625
(08002 08043) 1.6865183781367494
(08002 08044) 1.533782709875646
(08002 08045) 1.0568056980350962
(08002 08046) 0.4248202765755542
(08002 08047) 0.5365674458066264
(08002 08048) 1.1986345661599933
(08002 08049) 0.3209185636533769
(08002 08050) 1.3087279670721916
(08002 08051) 1.9286748685846533
(08002 08052) 0.9391943489369625
(08002 08053) 1.2425356347320833
(08002 08054) 1.6332219204413325
(08002 08055) 0.7520500169601583
(08002 08056) 0.7033894725578592
(08002 08057) 0.5594033417284447
(08002 08058) 1.2706542158968124
(08002 08059) 0.817151367877013
(08002 08060) 0.2980125580116052
(08002 08061) 0.674765100137116
(08002 08062) 1.053847885014538
(08002 08063) 1.627053855979996
(08002 08064) 0.4873071770554054
(08002 08065) 1.2189448741284892
(08002 08066) 0.40218328486746135
(08002 08067) 0.23480115176638472
(08003 08001) 0.5933785448236857
(08003 08002) 0.7018706769442512
(08003 08003) 0.0
(08003 08004) 0.7601754575619033
(08003 08005) 1.259381413187817
(08003 08006) 0.8511214361008287
(08003 08007) 0.7919291019409991
(08003 08008) 1.0048896279402941
(08003 08009) 0.4555474844831967
(08003 08010) 0.6278132204284161
(08003 08011) 0.31322543597624714
(08003 08012) 1.074441043548992
(08003 08013) 0.8540902227933493
(08003 08014) 0.4152550630633727
(08003 08015) 1.3477727640865438
(08003 08016) 0.9870898925064132
(08003 08017) 0.6953839525368671
(08003 08018) 1.9755175159235665
(08003 08019) 0.6422213650236522
(08003 08020) 0.7348079624867586
(08003 08021) 0.5419904416714355
(08003 08022) 1.184426721770945
(08003 08023) 1.2961735636867442
(08003 08024) 0.5674840773336269
(08003 08025) 0.23435014496593387
(08003 08026) 0.9920039874277254
(08003 08027) 0.6730462172067273
(08003 08028) 1.0676647334411158
(08003 08029) 0.37865323658974187
(08003 08030) 0.8008041252078191
(08003 08031) 0.3824335990457386
(08003 08032) 0.7602773468119584
(08003 08033) 1.3477727640865438
(08003 08034) 0.926473785493435
(08003 08035) 0.8854372331940596
(08003 08036) 0.7859549961513299
(08003 08037) 0.7007266568479931
(08003 08038) 0.8629853969330363
(08003 08039) 0.34016144597005205
(08003 08040) 0.26122272809303076
(08003 08041) 1.0996181881291216
(08003 08042) 1.1619663124736406
(08003 08043) 1.0050680619762002
(08003 08044) 0.8798829457680126
(08003 08045) 0.4080239793666031
(08003 08046) 1.0131551544602568
(08003 08047) 0.7717275827317753
(08003 08048) 0.52895732716101
(08003 08049) 0.8835506912601997
(08003 08050) 1.1579333001492764
(08003 08051) 1.956225420637569
(08003 08052) 0.2761679375424711
(08003 08053) 0.5750797975958568
(08003 08054) 0.9517716042807833
(08003 08055) 0.1302935840438479
(08003 08056) 1.261309730417679
(08003 08057) 1.0542578704695227
(08003 08058) 1.3075847780159764
(08003 08059) 0.9130750061512787
(08003 08060) 0.7076008347212256
(08003 08061) 1.1739860111921192
(08003 08062) 0.3960721291034101
(08003 08063) 1.606633495196294
(08003 08064) 1.0441664553500274
(08003 08065) 1.2493594941533717
(08003 08066) 0.9274524336334222
(08003 08067) 0.6703874276285592
(08004 08001) 0.4669676577115724
(08004 08002) 1.4390555436095063
(08004 08003) 0.7601754575619033
(08004 08004) 0.0
(08004 08005) 1.4656370393248588
(08004 08006) 1.5699021528958859
(08004 08007) 1.489145765544137
(08004 08008) 1.6394439654897255
(08004 08009) 1.1859518684650892
(08004 08010) 1.1848793944731557
(08004 08011) 0.8962238208541112
(08004 08012) 1.6238373495095655
(08004 08013) 1.4803499973920353
(08004 08014) 0.9097029059359273
(08004 08015) 1.762301210885074
(08004 08016) 1.6658016730685323
(08004 08017) 0.44148748843259966
(08004 08018) 1.975517515923567
(08004 08019) 0.6556455674954748
(08004 08020) 1.4366415397075554
(08004 08021) 0.5880554873203919
(08004 08022) 1.7276288880837132
(08004 08023) 1.755757573290234
(08004 08024) 0.46696765771157256
(08004 08025) 0.6568903815231787
(08004 08026) 1.4864518303002803
(08004 08027) 1.3570823865942012
(08004 08028) 1.6153388157077653
(08004 08029) 1.124277296718112
(08004 08030) 1.5152778588312752
(08004 08031) 0.9883643648372016
(08004 08032) 1.0948057487920537
(08004 08033) 1.762301210885074
(08004 08034) 0.7046664468264986
(08004 08035) 1.6400706335998831
(08004 08036) 1.328963506602144
(08004 08037) 0.46619335265491146
(08004 08038) 1.4430773904957364
(08004 08039) 1.0668128447434038
(08004 08040) 0.7184031797234143
(08004 08041) 1.734172525678553
(08004 08042) 1.7341725256785527
(08004 08043) 0.7118602621258693
(08004 08044) 0.5999099481445082
(08004 08045) 0.5391626308943538
(08004 08046) 1.727628888083713
(08004 08047) 1.4862013163552314
(08004 08048) 0.5326064969545007
(08004 08049) 1.5980244248836557
(08004 08050) 1.2499127852043055
(08004 08051) 1.6722168445903147
(08004 08052) 0.7168323429028995
(08004 08053) 0.46696765771157256
(08004 08054) 0.6729351474124099
(08004 08055) 0.6973921328051182
(08004 08056) 1.755757573290234
(08004 08057) 1.6170586753177556
(08004 08058) 1.7341725256785527
(08004 08059) 1.085674578891063
(08004 08060) 1.3451269993137904
(08004 08061) 1.727628888083713
(08004 08062) 0.7469512603750814
(08004 08063) 1.7214200632316168
(08004 08064) 1.6020529354763846
(08004 08065) 1.7146552419460406
(08004 08066) 1.5867375667389125
(08004 08067) 1.3860654465035323
(08005 08001) 1.1821861162151683
(08005 08002) 1.141614398832834
(08005 08003) 1.259381413187817
(08005 08004) 1.4656370393248588
(08005 08005) 0.0
(08005 08006) 1.273477032704378
(08005 08007) 1.3208640106080807
(08005 08008) 1.533824536607376
(08005 08009) 1.2560583732541872
(08005 08010) 1.1068226049064913
(08005 08011) 1.2433459935123854
(08005 08012) 1.3572629926419304
(08005 08013) 1.3480066850472965
(08005 08014) 1.2704763437025088
(08005 08015) 1.6967646078218528
(08005 08016) 1.434282550491838
(08005 08017) 1.3777415070779813
(08005 08018) 1.9224119968961813
(08005 08019) 1.2771821740846923
(08005 08020) 1.2959405209907802
(08005 08021) 1.2275311295130396
(08005 08022) 1.5308345844511677
(08005 08023) 1.6451654074220528
(08005 08024) 1.3606045654644752
(08005 08025) 1.3089807107449711
(08005 08026) 1.3322619088327925
(08005 08027) 1.1706336944860736
(08005 08028) 1.5042860369510247
(08005 08029) 1.2554710460672724
(08005 08030) 1.3276020916198463
(08005 08031) 1.1909754214218329
(08005 08032) 1.1537432039308029
(08005 08033) 1.6967646078218528
(08005 08034) 1.6351375174760268
(08005 08035) 1.385575694993743
(08005 08036) 1.268820897475613
(08005 08037) 1.3538327557348713
(08005 08038) 1.3687302282666003
(08005 08039) 1.213255703704859
(08005 08040) 1.2008336951147769
(08005 08041) 1.6285530967962036
(08005 08042) 1.6285530967962036
(08005 08043) 1.7137317939587922
(08005 08044) 1.3968248672174128
(08005 08045) 1.2260617176531692
(08005 08046) 1.4610545312160779
(08005 08047) 0.8120380513098497
(08005 08048) 1.2425160452102206
(08005 08049) 1.3314500680160206
(08005 08050) 1.3466358121243769
(08005 08051) 0.8799200985521557
(08005 08052) 1.2131742477342349
(08005 08053) 1.2933004686197995
(08005 08054) 1.660435336263375
(08005 08055) 1.2136889529765242
(08005 08056) 1.5292660422417268
(08005 08057) 1.4825105436047143
(08005 08058) 1.6005634944018856
(08005 08059) 1.295345321322423
(08005 08060) 1.3498598533014916
(08005 08061) 1.5377236808134136
(08005 08062) 1.2265113693363991
(08005 08063) 1.6292911159176708
(08005 08064) 1.3545093609664662
(08005 08065) 1.6090358130636917
(08005 08066) 1.456387342300504
(08005 08067) 1.2450290200614078
(08006 08001) 1.3293392715271326
(08006 08002) 0.2765983727949747
(08006 08003) 0.8511214361008287
(08006 08004) 1.5699021528958859
(08006 08005) 1.273477032704378
(08006 08006) 0.0
(08006 08007) 0.32888237950332105
(08006 08008) 0.5907927083822548
(08006 08009) 0.48227660039786946
(08006 08010) 0.8019327389617185
(08006 08011) 0.8257152193525317
(08006 08012) 0.41558712972581946
(08006 08013) 0.5159964529225483
(08006 08014) 0.7831018869910877
(08006 08015) 0.7681169706863511
(08006 08016) 0.23499850368967004
(08006 08017) 1.3454754531042972
(08006 08018) 1.9755175159235672
(08006 08019) 1.2776526528206744
(08006 08020) 0.32426546588566196
(08006 08021) 1.1854761408151957
(08006 08022) 0.5935154496945813
(08006 08023) 0.7165177702865512
(08006 08024) 1.3495293865504323
(08006 08025) 0.9130117713727071
(08006 08026) 0.5072474651616274
(08006 08027) 0.3436584985316297
(08006 08028) 0.488008940040923
(08006 08029) 0.5032756885267627
(08006 08030) 0.30948836722794815
(08006 08031) 0.7717549038651907
(08006 08032) 1.0418067730875218
(08006 08033) 0.7681169706863511
(08006 08034) 1.7387707109403636
(08006 08035) 0.29019349013231777
(08006 08036) 0.6906517762965936
(08006 08037) 1.4450316736807935
(08006 08038) 0.4228665212723881
(08006 08039) 0.5205830670440011
(08006 08040) 0.8835471735737577
(08006 08041) 0.5532448482267488
(08006 08042) 0.5823105190734478
(08006 08043) 1.817364987423129
(08006 08044) 1.6921798712149412
(08006 08045) 1.1191072973861924
(08006 08046) 0.3875836941349042
(08006 08047) 0.7140861380358458
(08006 08048) 1.1750452333508867
(08006 08049) 0.36848324587184206
(08006 08050) 1.2915268147833305
(08006 08051) 1.9562254206375698
(08006 08052) 0.9248596428769192
(08006 08053) 1.373382244018463
(08006 08054) 1.7640685297277119
(08006 08055) 0.8874414536191263
(08006 08056) 0.6024558165945064
(08006 08057) 0.47460207706932983
(08006 08058) 1.3408672315137968
(08006 08059) 0.9048333536860345
(08006 08060) 0.5286116795092136
(08006 08061) 0.589963835478001
(08006 08062) 1.0398775634185478
(08006 08063) 1.4583246167779138
(08006 08064) 0.4025059123962904
(08006 08065) 1.2826419476511923
(08006 08066) 0.38107909373104937
(08006 08067) 0.2932339742198289
(08007 08001) 1.3424678445057356
(08007 08002) 0.2877955282510695
(08007 08003) 0.7919291019409991
(08007 08004) 1.489145765544137
(08007 08005) 1.3208640106080807
(08007 08006) 0.32888237950332105
(08007 08007) 0.0
(08007 08008) 0.5482312099355832
(08007 08009) 0.4847633265489165
(08007 08010) 0.992417551165016
(08007 08011) 0.9321712618427389
(08007 08012) 0.3090480565771628
(08007 08013) 0.6265549142972562
(08007 08014) 0.7962304599696903
(08007 08015) 0.5651227070943965
(08007 08016) 0.2618565723169511
(08007 08017) 1.469210647909139
(08007 08018) 1.9755175159235672
(08007 08019) 1.4168933969443327
(08007 08020) 0.06615419390990768
(08007 08021) 1.3166624735921164
(08007 08022) 0.4190337347991159
(08007 08023) 0.5135235066945966
(08007 08024) 1.3366140520982277
(08007 08025) 1.0034801197305345
(08007 08026) 0.2574336209062736
(08007 08027) 0.41562436459702684
(08007 08028) 0.28501467644896844
(08007 08029) 0.4562687598463451
(08007 08030) 0.179198864945601
(08007 08031) 0.9306477671093591
(08007 08032) 1.173305578055865
(08007 08033) 0.5651227070943965
(08007 08034) 1.6565938185529818
(08007 08035) 0.23784440232713297
(08007 08036) 0.7738281824402206
(08007 08037) 1.4753986887686734
(08007 08038) 0.13654564021573856
(08007 08039) 0.5549280015212157
(08007 08040) 1.0531518300340297
(08007 08041) 0.3076890861881228
(08007 08042) 0.3793162554814932
(08007 08043) 1.7340383699584339
(08007 08044) 1.608853253750246
(08007 08045) 1.1979549728458252
(08007 08046) 0.23848312253957607
(08007 08047) 0.6369766630945468
(08007 08048) 1.3012499434787346
(08007 08049) 0.42237693786846836
(08007 08050) 1.4192728144167939
(08007 08051) 1.9562254206375695
(08007 08052) 1.048601759751277
(08007 08053) 1.3213071755984083
(08007 08054) 1.6951132552449744
(08007 08055) 0.8941528879356474
(08007 08056) 0.49591674344584974
(08007 08057) 0.2716078134773752
(08007 08058) 1.2983057330671253
(08007 08059) 0.9246513188543551
(08007 08060) 0.42650769239495123
(08007 08061) 0.4085930242202899
(08007 08062) 1.18773112165073
(08007 08063) 1.6467931619786613
(08007 08064) 0.27877346837819816
(08007 08065) 1.2400804492045208
(08007 08066) 0.13552333169242328
(08007 08067) 0.16770428508740448
(08008 08001) 1.5554283705050307
(08008 08002) 0.5270956348595517
(08008 08003) 1.0048896279402941
(08008 08004) 1.6394439654897255
(08008 08005) 1.533824536607376
(08008 08006) 0.5907927083822548
(08008 08007) 0.5482312099355832
(08008 08008) 0.0
(08008 08009) 0.6856073512498185
(08008 08010) 1.205378077164311
(08008 08011) 1.1237822296909306
(08008 08012) 0.7225876825473171
(08008 08013) 0.7703094766480048
(08008 08014) 1.0091909859689856
(08008 08015) 0.9003933910306845
(08008 08016) 0.6663332199017858
(08008 08017) 1.6426238477609494
(08008 08018) 1.975517515923567
(08008 08019) 1.597543759094679
(08008 08020) 0.5391981554799159
(08008 08021) 1.5040474763829939
(08008 08022) 0.8235103823839506
(08008 08023) 0.9003933910306846
(08008 08024) 1.5030222118310221
(08008 08025) 1.176300241975618
(08008 08026) 0.8056648308418568
(08008 08027) 0.6285848905963222
(08008 08028) 0.6443905101672164
(08008 08029) 0.6541399519433226
(08008 08030) 0.388426357265355
(08008 08031) 1.1436082931086544
(08008 08032) 1.3791901470498613
(08008 08033) 0.9003933910306845
(08008 08034) 1.8609325051166212
(08008 08035) 0.42384425327550235
(08008 08036) 0.967661863869163
(08008 08037) 1.6492266835245253
(08008 08038) 0.6155708865027751
(08008 08039) 0.7678885275205108
(08008 08040) 1.266112356033325
(08008 08041) 0.49377400568789487
(08008 08042) 0.7145869394177812
(08008 08043) 1.879500977394808
(08008 08044) 1.7679884837370528
(08008 08045) 1.41091549884512
(08008 08046) 0.5706809309667866
(08008 08047) 0.7217864852975264
(08008 08048) 1.486452989798642
(08008 08049) 0.2995493884557614
(08008 08050) 1.5947595953549267
(08008 08051) 1.9578540178606931
(08008 08052) 1.2615622857505722
(08008 08053) 1.5342677015977038
(08008 08054) 1.8408063288959258
(08008 08055) 1.1071134139349426
(08008 08056) 0.9003933910306845
(08008 08057) 0.6581924904163249
(08008 08058) 0.7500745231315421
(08008 08059) 0.9884696065051204
(08008 08060) 0.35194611290537664
(08008 08061) 0.8130696718051247
(08008 08062) 1.400691647650025
(08008 08063) 1.6835293404461689
(08008 08064) 0.7140975083815335
(08008 08065) 0.6960892009073798
(08008 08066) 0.5007391076205903
(08008 08067) 0.5746973048960917
(08009 08001) 1.023348644946101
(08009 08002) 0.4014139126855253
(08009 08003) 0.4555474844831967
(08009 08004) 1.1859518684650892
(08009 08005) 1.2560583732541872
(08009 08006) 0.48227660039786946
(08009 08007) 0.4847633265489165
(08009 08008) 0.6856073512498185
(08009 08009) 0.0
(08009 08010) 0.5402493616005718
(08009 08011) 0.46196450535040984
(08009 08012) 0.7938113831260794
(08009 08013) 0.4817027478013463
(08009 08014) 0.5043990420263246
(08009 08015) 1.0445582241207039
(08009 08016) 0.6182450568034539
(08009 08017) 1.0009608861023895
(08009 08018) 1.950821099719038
(08009 08019) 0.9389187621712005
(08009 08020) 0.42547040893655097
(08009 08021) 0.8388769611256862
(08009 08022) 0.9037970613480324
(08009 08023) 0.992959023720904
(08009 08024) 0.969043541619762
(08009 08025) 0.5735782887821631
(08009 08026) 0.7113743270048127
(08009 08027) 0.27659607603256725
(08009 08028) 0.7644501934752759
(08009 08029) 0.11850043827546239
(08009 08030) 0.5041067280602708
(08009 08031) 0.4918674701791507
(08009 08032) 0.7027661100433558
(08009 08033) 1.0445582241207039
(08009 08034) 1.3582848660096933
(08009 08035) 0.5869719659147578
(08009 08036) 0.47584743800606055
(08009 08037) 1.0436215781059164
(08009 08038) 0.5606518251234491
(08009 08039) 0.2022408554190651
(08009 08040) 0.6225203676831083
(08009 08041) 0.7803359114386461
(08009 08042) 0.8587517725078007
(08009 08043) 1.4368791424924587
(08009 08044) 1.311694026284271
(08009 08045) 0.7793849473367498
(08009 08046) 0.7164577573127086
(08009 08047) 0.632571331652466
(08009 08048) 0.8464371418556703
(08009 08049) 0.5868532941126513
(08009 08050) 1.0508511317728981
(08009 08051) 1.9501907510244967
(08009 08052) 0.5971865627165538
(08009 08053) 1.0294757576550426
(08009 08054) 1.3835826847970418
(08009 08055) 0.578925430757719
(08009 08056) 0.9806800699947663
(08009 08057) 0.7510433305036825
(08009 08058) 1.2915170412913408
(08009 08059) 0.9144384475127505
(08009 08060) 0.38947008245476095
(08009 08061) 0.8933563507692065
(08009 08062) 0.7612391726080915
(08009 08063) 1.5184183199162473
(08009 08064) 0.7635367949271147
(08009 08065) 1.233291757428736
(08009 08066) 0.6081701569429466
(08009 08067) 0.378185928715891
(08010 08001) 0.7486677835126854
(08010 08002) 0.8122857579483092
(08010 08003) 0.6278132204284161
(08010 08004) 1.1848793944731557
(08010 08005) 1.1068226049064913
(08010 08006) 0.8019327389617185
(08010 08007) 0.992417551165016
(08010 08008) 1.205378077164311
(08010 08009) 0.5402493616005718
(08010 08010) 0.0
(08010 08011) 0.5162748356893964
(08010 08012) 1.0571728079744265
(08010 08013) 0.8769711716214963
(08010 08014) 0.6339639752912266
(08010 08015) 1.4320081175923445
(08010 08016) 0.965896848787581
(08010 08017) 0.9504716737972305
(08010 08018) 1.8373305388341556
(08010 08019) 0.8832615825523544
(08010 08020) 0.9352964117107755
(08010 08021) 0.764463694939014
(08010 08022) 1.2574065966005747
(08010 08023) 1.3804089171925447
(08010 08024) 0.966967328902185
(08010 08025) 0.6018979813094609
(08010 08026) 1.0569893741525487
(08010 08027) 0.6392629661639778
(08010 08028) 1.1747736860577929
(08010 08029) 0.6118402229760318
(08010 08030) 0.9991556321767814
(08010 08031) 0.403132041871923
(08010 08032) 0.641916713451094
(08010 08033) 1.4320081175923445
(08010 08034) 1.353747952517633
(08010 08035) 1.0370552792587076
(08010 08036) 0.7288262223381476
(08010 08037) 0.9763479397236199
(08010 08038) 1.0053285204583933
(08010 08039) 0.5652297804669776
(08010 08040) 0.5186021763181989
(08010 08041) 1.3001066373531387
(08010 08042) 1.3001066373531387
(08010 08043) 1.4323422290003984
(08010 08044) 1.3071571127922108
(08010 08045) 0.7351213422208815
(08010 08046) 1.1103302795256627
(08010 08047) 0.940694461006043
(08010 08048) 0.7235404632035665
(08010 08049) 0.9276010941158882
(08010 08050) 1.004578992924182
(08010 08051) 1.9562254206375695
(08010 08052) 0.5176573421462225
(08010 08053) 0.9218074423394882
(08010 08054) 1.3790457713049815
(08010 08055) 0.6004652920868511
(08010 08056) 1.0691263723099906
(08010 08057) 1.1540640841616496
(08010 08058) 1.4238378737341928
(08010 08059) 0.9648809702645043
(08010 08060) 0.885992536379214
(08010 08061) 1.2538549823839946
(08010 08062) 0.6698099424064647
(08010 08063) 1.485000339095319
(08010 08064) 1.066397059302284
(08010 08065) 1.3656125898715885
(08010 08066) 1.127940882857439
(08010 08067) 0.8536888268409191
(08011 08001) 0.7517048983594605
(08011 08002) 0.8092734216328341
(08011 08003) 0.31322543597624714
(08011 08004) 0.8962238208541112
(08011 08005) 1.2433459935123854
(08011 08006) 0.8257152193525317
(08011 08007) 0.9321712618427389
(08011 08008) 1.1237822296909306
(08011 08009) 0.46196450535040984
(08011 08010) 0.5162748356893964
(08011 08011) 0.0
(08011 08012) 1.1009107478487
(08011 08013) 0.7943202693143087
(08011 08014) 0.46267618855565373
(08011 08015) 1.3356358402148303
(08011 08016) 0.944655499747266
(08011 08017) 0.6047984888871268
(08011 08018) 1.9559277696755446
(08011 08019) 0.551888584525106
(08011 08020) 0.8796670360061574
(08011 08021) 0.4331683699812621
(08011 08022) 1.2108964260706532
(08011 08023) 1.2877794347173874
(08011 08024) 0.6968197761421966
(08011 08025) 0.23972510864474772
(08011 08026) 1.0184736917274335
(08011 08027) 0.6262995686673917
(08011 08028) 1.087980378665718
(08011 08029) 0.511235635118155
(08011 08030) 0.9583033551298773
(08011 08031) 0.27757644846303253
(08011 08032) 0.5395531758344996
(08011 08033) 1.3356358402148303
(08011 08034) 1.0815516885689584
(08011 08035) 1.0411685929843644
(08011 08036) 0.5848826755256415
(08011 08037) 0.7021924596347955
(08011 08038) 0.9250564648877314
(08011 08039) 0.44401348809078944
(08011 08040) 0.2665627751672794
(08011 08041) 1.2185107898797582
(08011 08042) 1.2185107898797585
(08011 08043) 1.1474182463362765
(08011 08044) 1.0222331301280887
(08011 08045) 0.43688601123786
(08011 08046) 1.170654384382315
(08011 08047) 0.9292268126538334
(08011 08048) 0.4952410563721724
(08011 08049) 1.0410499211822577
(08011 08050) 0.9560084788982379
(08011 08051) 1.9524938296826477
(08011 08052) 0.243222777842778
(08011 08053) 0.7560366101273546
(08011 08054) 1.0941217886408594
(08011 08055) 0.3437549532807416
(08011 08056) 1.287779434717387
(08011 08057) 1.0724682366882692
(08011 08058) 1.4251393599156237
(08011 08059) 1.080218666812528
(08011 08060) 0.7892908370490287
(08011 08061) 1.2004557154918272
(08011 08062) 0.3874061274410566
(08011 08063) 1.4826214923587935
(08011 08064) 1.0706361596497354
(08011 08065) 1.380389019775722
(08011 08066) 1.0463450353840587
(08011 08067) 0.7856528253265019
(08012 08001) 1.3597374228570918
(08012 08002) 0.5165207856891724
(08012 08003) 1.074441043548992
(08012 08004) 1.6238373495095655
(08012 08005) 1.3572629926419304
(08012 08006) 0.41558712972581946
(08012 08007) 0.3090480565771628
(08012 08008) 0.7225876825473171
(08012 08009) 0.7938113831260794
(08012 08010) 1.0571728079744265
(08012 08011) 1.1009107478487
(08012 08012) 0.0
(08012 08013) 0.8758508093496478
(08012 08014) 0.8121613848344346
(08012 08015) 0.37483530961791833
(08012 08016) 0.28862218007053525
(08012 08017) 1.6039022318745677
(08012 08018) 1.975517515923567
(08012 08019) 1.5515849809097617
(08012 08020) 0.3705853368694114
(08012 08021) 1.4513540575575452
(08012 08022) 0.2002337886261485
(08012 08023) 0.3232361092181184
(08012 08024) 1.5225906687828057
(08012 08025) 1.1449354185201794
(08012 08026) 0.16551420441580617
(08012 08027) 0.6209871153093063
(08012 08028) 0.32341075974984373
(08012 08029) 0.7477805364136495
(08012 08030) 0.44272081596025253
(08012 08031) 1.1132407094157175
(08012 08032) 1.3186705070675726
(08012 08033) 0.37483530961791833
(08012 08034) 1.7912854025184108
(08012 08035) 0.3478412718909333
(08012 08036) 0.9085197664056492
(08012 08037) 1.6100902727341024
(08012 08038) 0.3446004614575161
(08012 08039) 0.7660833426516083
(08012 08040) 1.175008549495787
(08012 08041) 0.3235422370482499
(08012 08042) 0.2917581613233786
(08012 08043) 1.8687299539238627
(08012 08044) 1.7435448377156748
(08012 08045) 1.3312942362787579
(08012 08046) 0.2484450468476027
(08012 08047) 0.897246078701642
(08012 08048) 1.4359415274441631
(08012 08049) 0.5037856760054276
(08012 08050) 1.5539643983822224
(08012 08051) 1.9562254206375693
(08012 08052) 1.182677188733664
(08012 08053) 1.4247472105191967
(08012 08054) 1.8298048392104032
(08012 08055) 1.0633666354767848
(08012 08056) 0.3000461636119832
(08012 08057) 0.1524942823236996
(08012 08058) 1.4726622056788594
(08012 08059) 1.0879932943518307
(08012 08060) 0.735555748972114
(08012 08061) 0.20092874534058847
(08012 08062) 1.2932933664552122
(08012 08063) 1.6467931619786613
(08012 08064) 0.0394988395268224
(08012 08065) 1.4144369218162547
(08012 08066) 0.2589483576973802
(08012 08067) 0.44460101517349593
(08013 08001) 1.3969956510411152
(08013 08002) 0.5836757524052187
(08013 08003) 0.8540902227933493
(08013 08004) 1.4803499973920353
(08013 08005) 1.3480066850472965
(08013 08006) 0.5159964529225483
(08013 08007) 0.6265549142972562
(08013 08008) 0.7703094766480048
(08013 08009) 0.4817027478013463
(08013 08010) 0.8769711716214963
(08013 08011) 0.7943202693143087
(08013 08012) 0.8758508093496478
(08013 08013) 0.0
(08013 08014) 0.8526672479842422
(08013 08015) 1.0627194962183348
(08013 08016) 0.629192952838079
(08013 08017) 1.2909882528290746
(08013 08018) 1.9755175159235667
(08013 08019) 1.2453093663353159
(08013 08020) 0.6137857386632611
(08013 08021) 1.1449292970284877
(08013 08022) 0.9858364875716008
(08013 08023) 1.062719496218335
(08013 08024) 1.2760871908337879
(08013 08025) 0.8497966314185357
(08013 08026) 0.8114671980447635
(08013 08027) 0.504742488221715
(08013 08028) 0.7826114655729066
(08013 08029) 0.5524408314421705
(08013 08030) 0.6526870075843947
(08013 08031) 0.7483097494617795
(08013 08032) 0.8433572215379898
(08013 08033) 1.0627194962183348
(08013 08034) 1.7032590420545637
(08013 08035) 0.7355522454388815
(08013 08036) 0.6456048513873175
(08013 08037) 1.393158237514876
(08013 08038) 0.6174099364091046
(08013 08039) 0.5711512008017359
(08013 08040) 0.9130689322247407
(08013 08041) 0.8650380368368322
(08013 08042) 0.8769130446054314
(08013 08043) 1.7229772394100642
(08013 08044) 1.611464745752309
(08013 08045) 1.1426771195417533
(08013 08046) 0.8650380368368324
(08013 08047) 0.7629903390789596
(08013 08048) 1.0986958854305213
(08013 08049) 0.7354335736367752
(08013 08050) 0.8267642931453943
(08013 08051) 1.957854017860693
(08013 08052) 0.9143998120747865
(08013 08053) 1.37774396361296
(08013 08054) 1.6699112479292246
(08013 08055) 0.9284941566226219
(08013 08056) 1.0627194962183348
(08013 08057) 0.8046769430268453
(08013 08058) 1.3580578945918966
(08013 08059) 1.0496461267310961
(08013 08060) 0.603415058403884
(08013 08061) 0.975395776992775
(08013 08062) 0.9701705571815815
(08013 08063) 1.0801142820422847
(08013 08064) 0.8455762211506832
(08013 08065) 1.3040725723677342
(08013 08066) 0.724146715492032
(08013 08067) 0.5838225649103317
(08014 08001) 0.6306531863171965
(08014 08002) 0.6683876690089462
(08014 08003) 0.4152550630633727
(08014 08004) 0.9097029059359273
(08014 08005) 1.2704763437025088
(08014 08006) 0.7831018869910877
(08014 08007) 0.7962304599696903
(08014 08008) 1.0091909859689856
(08014 08009) 0.5043990420263246
(08014 08010) 0.6339639752912266
(08014 08011) 0.46267618855565373
(08014 08012) 0.8121613848344346
(08014 08013) 0.8526672479842422
(08014 08014) 0.0
(08014 08015) 1.1039195461578133
(08014 08016) 0.9315025804755979
(08014 08017) 0.8988024271092201
(08014 08018) 1.975517515923567
(08014 08019) 0.8697105389278991
(08014 08020) 0.73910932051545
(08014 08021) 0.7778466765031412
(08014 08022) 1.0062010338127774
(08014 08023) 1.0523203457580133
(08014 08024) 0.8634046882971863
(08014 08025) 0.48574943803455994
(08014 08026) 0.7289008027180173
(08014 08027) 0.6450070298046022
(08014 08028) 0.9850858361870255
(08014 08029) 0.4228350514112604
(08014 08030) 0.802968540981456
(08014 08031) 0.5736017231934666
(08014 08032) 0.899591452517938
(08014 08033) 1.1039195461578133
(08014 08034) 1.0933612084328028
(08014 08035) 0.8827957249775029
(08014 08036) 0.6907777412625176
(08014 08037) 0.9322128823409823
(08014 08038) 0.8128244109749966
(08014 08039) 0.3152096398279807
(08014 08040) 0.5158225690101675
(08014 08041) 1.103919546157813
(08014 08042) 1.103919546157813
(08014 08043) 1.1332579350951801
(08014 08044) 1.033808166327645
(08014 08045) 0.6721082557931383
(08014 08046) 0.9141431883303371
(08014 08047) 0.8426871938418474
(08014 08048) 0.749242991734038
(08014 08049) 0.7314140029205626
(08014 08050) 1.2539579007787454
(08014 08051) 1.9741112561774712
(08014 08052) 0.5234338284995295
(08014 08053) 0.7267010097086856
(08014 08054) 1.0882427961979284
(08014 08055) 0.40418065499116546
(08014 08056) 0.8460546673543063
(08014 08057) 0.9578769929663239
(08014 08058) 1.5557393539733988
(08014 08059) 1.0973050996264937
(08014 08060) 0.7174442499059972
(08014 08061) 1.013090130175023
(08014 08062) 0.6340259223940128
(08014 08063) 1.7193562075654703
(08014 08064) 0.8298758103280759
(08014 08065) 1.4975140701107943
(08014 08066) 0.9317537916621136
(08014 08067) 0.687464909398523
(08015 08001) 1.73457273247501
(08015 08002) 0.852918235345466
(08015 08003) 1.3477727640865438
(08015 08004) 1.762301210885074
(08015 08005) 1.6967646078218528
(08015 08006) 0.7681169706863511
(08015 08007) 0.5651227070943965
(08015 08008) 0.9003933910306845
(08015 08009) 1.0445582241207039
(08015 08010) 1.4320081175923445
(08015 08011) 1.3356358402148303
(08015 08012) 0.37483530961791833
(08015 08013) 1.0627194962183348
(08015 08014) 1.1039195461578133
(08015 08015) 0.0
(08015 08016) 0.5441162940472903
(08015 08017) 1.7745157319645886
(08015 08018) 1.975517515923567
(08015 08019) 1.7526610060818029
(08015 08020) 0.6312769010043042
(08015 08021) 1.667531784297577
(08015 08022) 0.17460152099176984
(08015 08023) 0.051599200399799955
(08015 08024) 1.7321129530335386
(08015 08025) 1.360869665283201
(08015 08026) 0.375018743439796
(08015 08027) 0.9093598410787443
(08015 08028) 0.5102794466185306
(08015 08029) 1.0213914669407416
(08015 08030) 0.7181894787528591
(08015 08031) 1.3988730728398273
(08015 08032) 1.5676692005795074
(08015 08033) 0.0
(08015 08034) 1.9999999999999998
(08015 08035) 0.6520422413657833
(08015 08036) 1.1357046375506528
(08015 08037) 1.8083409821003917
(08015 08038) 0.5314691483262031
(08015 08039) 1.0834161226227648
(08015 08040) 1.4745050851653652
(08015 08041) 0.40661938534278963
(08015 08042) 0.18580645161290332
(08015 08043) 1.9810206475351122
(08015 08044) 1.8952435013180098
(08015 08045) 1.6076944652010743
(08015 08046) 0.5194888178913738
(08015 08047) 1.2020993701889435
(08015 08048) 1.6367461430575037
(08015 08049) 0.8786209856233459
(08015 08050) 1.741760177008281
(08015 08051) 1.9854057369825746
(08015 08052) 1.4393106144854237
(08015 08053) 1.6732131897561793
(08015 08054) 1.9362359748524378
(08015 08055) 1.3765526660637495
(08015 08056) 0.4880127863612147
(08015 08057) 0.2935148936170213
(08015 08058) 1.555739353973399
(08015 08059) 1.4288477850031993
(08015 08060) 0.9224244358408009
(08015 08061) 0.17815313520835
(08015 08062) 1.5784158925578124
(08015 08063) 1.789524733268671
(08015 08064) 0.3656110582900607
(08015 08065) 1.5170313538433065
(08015 08066) 0.4770914777169663
(08015 08067) 0.7063608972212922
(08016 08001) 1.477739965011643
(08016 08002) 0.4885290075508674
(08016 08003) 0.9870898925064132
(08016 08004) 1.6658016730685323
(08016 08005) 1.434282550491838
(08016 08006) 0.23499850368967004
(08016 08007) 0.2618565723169511
(08016 08008) 0.6663332199017858
(08016 08009) 0.6182450568034539
(08016 08010) 0.965896848787581
(08016 08011) 0.944655499747266
(08016 08012) 0.28862218007053525
(08016 08013) 0.629192952838079
(08016 08014) 0.9315025804755979
(08016 08015) 0.5441162940472903
(08016 08016) 0.0
(08016 08017) 1.4599150125324032
(08016 08018) 1.9755175159235672
(08016 08019) 1.4082093299534861
(08016 08020) 0.32339385260919973
(08016 08021) 1.3010946200061264
(08016 08022) 0.36951477305552055
(08016 08023) 0.4925170936474904
(08016 08024) 1.4428586766101323
(08016 08025) 1.0155726883212468
(08016 08026) 0.3765760785822671
(08016 08027) 0.4622298836404998
(08016 08028) 0.3210147583574691
(08016 08029) 0.6443087527348151
(08016 08030) 0.3955293317000408
(08016 08031) 0.8782795894755214
(08016 08032) 1.1504951133289032
(08016 08033) 0.5441162940472903
(08016 08034) 1.8321000010000636
(08016 08035) 0.26546478265572926
(08016 08036) 0.7928314002778928
(08016 08037) 1.5628805685275402
(08016 08038) 0.31005612291839163
(08016 08039) 0.6795836859247594
(08016 08040) 1.0022749449754735
(08016 08041) 0.37188333793357237
(08016 08042) 0.37188333793357237
(08016 08043) 1.9106942774828293
(08016 08044) 1.7855091612746414
(08016 08045) 1.2505782027791468
(08016 08046) 0.26129358726653773
(08016 08047) 0.85744944839301
(08016 08048) 1.278439478751773
(08016 08049) 0.5339710638274126
(08016 08050) 1.3964623496898323
(08016 08051) 1.9562254206375695
(08016 08052) 1.0411540625010816
(08016 08053) 1.4667115340781631
(08016 08054) 1.8573978197874121
(08016 08055) 1.0162145879030386
(08016 08056) 0.4335265433802557
(08016 08057) 0.29934439818104575
(08016 08058) 1.383506397859681
(08016 08059) 1.084197863207266
(08016 08060) 0.6883642647119023
(08016 08061) 0.36596315883894037
(08016 08062) 1.1357913177628218
(08016 08063) 1.4473267897273046
(08016 08064) 0.2801320059047517
(08016 08065) 1.3252811139970766
(08016 08066) 0.2787816897674927
(08016 08067) 0.3674463571603549
(08017 08001) 0.3893171010397354
(08017 08002) 1.3537731396207247
(08017 08003) 0.6953839525368671
(08017 08004) 0.44148748843259966
(08017 08005) 1.3777415070779813
(08017 08006) 1.3454754531042972
(08017 08007) 1.469210647909139
(08017 08008) 1.6426238477609494
(08017 08009) 1.0009608861023895
(08017 08010) 0.9504716737972305
(08017 08011) 0.6047984888871268
(08017 08012) 1.6039022318745677
(08017 08013) 1.2909882528290746
(08017 08014) 0.8988024271092201
(08017 08015) 1.7745157319645886
(08017 08016) 1.4599150125324032
(08017 08017) 0.0
(08017 08018) 1.9498512603684834
(08017 08019) 0.3683334553659031
(08017 08020) 1.4167064220725576
(08017 08021) 0.24674968463530286
(08017 08022) 1.707693770448715
(08017 08023) 1.7448570944635267
(08017 08024) 0.33639670107141834
(08017 08025) 0.4663236057853314
(08017 08026) 1.4755513514735732
(08017 08027) 1.1315420499648272
(08017 08028) 1.6020059761473882
(08017 08029) 1.0455675019749695
(08017 08030) 1.4953427411962772
(08017 08031) 0.7348855759026549
(08017 08032) 0.7503110976606336
(08017 08033) 1.7745157319645886
(08017 08034) 0.6241374869229904
(08017 08035) 1.5782079790507642
(08017 08036) 1.0224414514157254
(08017 08037) 0.188302999837761
(08017 08038) 1.4435043216837602
(08017 08039) 0.9842162456298726
(08017 08040) 0.47491300127531266
(08017 08041) 1.7373524079497769
(08017 08042) 1.737352407949777
(08017 08043) 0.6646306660141879
(08017 08044) 0.5394455498060001
(08017 08045) 0.3086240549946264
(08017 08046) 1.7076937704487147
(08017 08047) 1.4662661987202332
(08017 08048) 0.2700980518616564
(08017 08049) 1.5780893072486577
(08017 08050) 0.9411461079038113
