!n: Number of areas
n: 16
!I: Set if areas
I: [09002 09003 09004 09005 09006 09007 09008 09009 09010 09011 09012 09013 09014 09015 09016 09017 ]
!p: Number of regions
p: 3
!K: Set of regions
K: [1 2 3 ]
!N: Node Neighbor Set
N: [
(09002) [09005 09015 09016]
(09003) [09007 09010 09012 09013 09014]
(09004) [09010 09016]
(09005) [09002 09015 09017]
(09006) [09007 09014 09015 09017]
(09007) [09003 09006 09011 09013 09014]
(09008) [09010 09012]
(09009) [09011 09012 09013]
(09010) [09003 09004 09008 09012 09014 09016]
(09011) [09007 09009 09013]
(09012) [09003 09008 09009 09010 09013]
(09013) [09003 09007 09009 09011 09012]
(09014) [09003 09006 09007 09010 09015 09016]
(09015) [09002 09005 09006 09014 09016 09017]
(09016) [09002 09004 09010 09014 09015]
(09017) [09005 09006 09015]
]
!d(i,j): distance list
d: [
(09002 09002) 0.0
(09002 09003) 0.9730128947035377
(09002 09004) 1.3327654388761685
(09002 09005) 0.6868277629748901
(09002 09006) 0.5625975381549209
(09002 09007) 0.6109276594577262
(09002 09008) 1.2472710280159924
(09002 09009) 1.0064760384823794
(09002 09010) 1.266075790786499
(09002 09011) 0.5102532462969582
(09002 09012) 1.4199330099329668
(09002 09013) 0.3967148381703775
(09002 09014) 1.1726850087614689
(09002 09015) 1.5599067000491433
(09002 09016) 1.282614853947621
(09002 09017) 1.346181430039073
(09003 09002) 0.9730128947035377
(09003 09003) 0.0
(09003 09004) 0.8367832302894496
(09003 09005) 0.6099887817044992
(09003 09006) 0.8806697577466114
(09003 09007) 0.7132408904939543
(09003 09008) 0.7860533321710433
(09003 09009) 0.8005049525309098
(09003 09010) 0.850226837750618
(09003 09011) 0.8446987143853234
(09003 09012) 0.7748495647238625
(09003 09013) 0.8179634765669277
(09003 09014) 0.6506225498580697
(09003 09015) 1.1092507611374653
(09003 09016) 0.851708324039606
(09003 09017) 1.1636607278058277
(09004 09002) 1.3327654388761685
(09004 09003) 0.8367832302894496
(09004 09004) 0.0
(09004 09005) 1.3610671631868938
(09004 09006) 1.3980958147428588
(09004 09007) 1.4153681613389828
(09004 09008) 1.0443908510637558
(09004 09009) 1.4589977372493175
(09004 09010) 0.6159093778507619
(09004 09011) 1.5420123136647768
(09004 09012) 0.7477395390481923
(09004 09013) 1.4630328475182546
(09004 09014) 0.7170630083831122
(09004 09015) 0.6315711561206795
(09004 09016) 0.6427132849021922
(09004 09017) 1.468681106555241
(09005 09002) 0.6868277629748901
(09005 09003) 0.6099887817044992
(09005 09004) 1.3610671631868938
(09005 09005) 0.0
(09005 09006) 0.6038537576228005
(09005 09007) 0.3061513875294805
(09005 09008) 0.9028447078507504
(09005 09009) 0.5074245189685248
(09005 09010) 1.2153434776041452
(09005 09011) 0.4539053939169292
(09005 09012) 1.292353704842741
(09005 09013) 0.6032483588301689
(09005 09014) 1.0723226956801968
(09005 09015) 1.553248501842538
(09005 09016) 1.2200213052884024
(09005 09017) 0.9850903406010713
(09006 09002) 0.5625975381549209
(09006 09003) 0.8806697577466114
(09006 09004) 1.3980958147428588
(09006 09005) 0.6038537576228005
(09006 09006) 0.0
(09006 09007) 0.3480090216233716
(09006 09008) 1.1497172978451276
(09006 09009) 0.8907217292234045
(09006 09010) 1.3929099129365694
(09006 09011) 0.5041398634718466
(09006 09012) 1.4525581408271424
(09006 09013) 0.5489401089539523
(09006 09014) 1.2087612909298042
(09006 09015) 1.6481223505102909
(09006 09016) 1.4127385451243202
(09006 09017) 1.359005472994123
(09007 09002) 0.6109276594577262
(09007 09003) 0.7132408904939543
(09007 09004) 1.4153681613389828
(09007 09005) 0.3061513875294805
(09007 09006) 0.3480090216233716
(09007 09007) 0.0
(09007 09008) 1.05284241262332
(09007 09009) 0.5800194761628288
(09007 09010) 1.3418779609281095
(09007 09011) 0.3148799205487172
(09007 09012) 1.356671901118924
(09007 09013) 0.46588383536808314
(09007 09014) 1.1447493445251853
(09007 09015) 1.5725301148170274
(09007 09016) 1.4136681107682594
(09007 09017) 1.176329215591318
(09008 09002) 1.2472710280159924
(09008 09003) 0.7860533321710433
(09008 09004) 1.0443908510637558
(09008 09005) 0.9028447078507504
(09008 09006) 1.1497172978451276
(09008 09007) 1.05284241262332
(09008 09008) 0.0
(09008 09009) 1.0130222958898871
(09008 09010) 1.1573158644357373
(09008 09011) 1.1117527274495043
(09008 09012) 1.1516980082195685
(09008 09013) 1.1697165806318017
(09008 09014) 0.7785427059456896
(09008 09015) 1.4867192702701473
(09008 09016) 1.129382433273978
(09008 09017) 1.1798038566694102
(09009 09002) 1.0064760384823794
(09009 09003) 0.8005049525309098
(09009 09004) 1.4589977372493175
(09009 09005) 0.5074245189685248
(09009 09006) 0.8907217292234045
(09009 09007) 0.5800194761628288
(09009 09008) 1.0130222958898871
(09009 09009) 0.0
(09009 09010) 1.4155192882530687
(09009 09011) 0.6139186963574352
(09009 09012) 1.336396130368945
(09009 09013) 0.7501483725390184
(09009 09014) 1.2492232760305761
(09009 09015) 1.6380218125562287
(09009 09016) 1.5042573407532522
(09009 09017) 1.226473129747113
(09010 09002) 1.266075790786499
(09010 09003) 0.850226837750618
(09010 09004) 0.6159093778507619
(09010 09005) 1.2153434776041452
(09010 09006) 1.3929099129365694
(09010 09007) 1.3418779609281095
(09010 09008) 1.1573158644357373
(09010 09009) 1.4155192882530687
(09010 09010) 0.0
(09010 09011) 1.4934718472676403
(09010 09012) 0.5583242124234004
(09010 09013) 1.4205789806206681
(09010 09014) 0.6040775761516874
(09010 09015) 0.4900001685169943
(09010 09016) 0.7408097303664193
(09010 09017) 1.3627828473225276
(09011 09002) 0.5102532462969582
(09011 09003) 0.8446987143853234
(09011 09004) 1.5420123136647768
(09011 09005) 0.4539053939169292
(09011 09006) 0.5041398634718466
(09011 09007) 0.3148799205487172
(09011 09008) 1.1117527274495043
(09011 09009) 0.6139186963574352
(09011 09010) 1.4934718472676403
(09011 09011) 0.0
(09011 09012) 1.444439530818611
(09011 09013) 0.29022118731908275
(09011 09014) 1.3066921085070724
(09011 09015) 1.709001154003177
(09011 09016) 1.5693982685785106
(09011 09017) 1.2683266192860292
(09012 09002) 1.4199330099329668
(09012 09003) 0.7748495647238625
(09012 09004) 0.7477395390481923
(09012 09005) 1.292353704842741
(09012 09006) 1.4525581408271424
(09012 09007) 1.356671901118924
(09012 09008) 1.1516980082195685
(09012 09009) 1.336396130368945
(09012 09010) 0.5583242124234004
(09012 09011) 1.444439530818611
(09012 09012) 0.0
(09012 09013) 1.3772344933366334
(09012 09014) 0.7229155778600473
(09012 09015) 0.7760068230719434
(09012 09016) 0.935887331479105
(09012 09017) 1.4063146881025983
(09013 09002) 0.3967148381703775
(09013 09003) 0.8179634765669277
(09013 09004) 1.4630328475182546
(09013 09005) 0.6032483588301689
(09013 09006) 0.5489401089539523
(09013 09007) 0.46588383536808314
(09013 09008) 1.1697165806318017
(09013 09009) 0.7501483725390184
(09013 09010) 1.4205789806206681
(09013 09011) 0.29022118731908275
(09013 09012) 1.3772344933366334
(09013 09013) 0.0
(09013 09014) 1.2337120458743158
(09013 09015) 1.6419688041987857
(09013 09016) 1.5183428214684296
(09013 09017) 1.2829540592775583
(09014 09002) 1.1726850087614689
(09014 09003) 0.6506225498580697
(09014 09004) 0.7170630083831122
(09014 09005) 1.0723226956801968
(09014 09006) 1.2087612909298042
(09014 09007) 1.1447493445251853
(09014 09008) 0.7785427059456896
(09014 09009) 1.2492232760305761
(09014 09010) 0.6040775761516874
(09014 09011) 1.3066921085070724
(09014 09012) 0.7229155778600473
(09014 09013) 1.2337120458743158
(09014 09014) 0.0
(09014 09015) 0.9391781113867115
(09014 09016) 0.8456294835163006
(09014 09017) 1.3113107590683561
(09015 09002) 1.5599067000491433
(09015 09003) 1.1092507611374653
(09015 09004) 0.6315711561206795
(09015 09005) 1.553248501842538
(09015 09006) 1.6481223505102909
(09015 09007) 1.5725301148170274
(09015 09008) 1.4867192702701473
(09015 09009) 1.6380218125562287
(09015 09010) 0.4900001685169943
(09015 09011) 1.709001154003177
(09015 09012) 0.7760068230719434
(09015 09013) 1.6419688041987857
(09015 09014) 0.9391781113867115
(09015 09015) 0.0
(09015 09016) 0.9105034940246037
(09015 09017) 1.598707653584701
(09016 09002) 1.282614853947621
(09016 09003) 0.851708324039606
(09016 09004) 0.6427132849021922
(09016 09005) 1.2200213052884024
(09016 09006) 1.4127385451243202
(09016 09007) 1.4136681107682594
(09016 09008) 1.129382433273978
(09016 09009) 1.5042573407532522
(09016 09010) 0.7408097303664193
(09016 09011) 1.5693982685785106
(09016 09012) 0.935887331479105
(09016 09013) 1.5183428214684296
(09016 09014) 0.8456294835163006
(09016 09015) 0.9105034940246037
(09016 09016) 0.0
(09016 09017) 1.3694786884928787
(09017 09002) 1.346181430039073
(09017 09003) 1.1636607278058277
(09017 09004) 1.468681106555241
(09017 09005) 0.9850903406010713
(09017 09006) 1.359005472994123
(09017 09007) 1.176329215591318
(09017 09008) 1.1798038566694102
(09017 09009) 1.226473129747113
(09017 09010) 1.3627828473225276
(09017 09011) 1.2683266192860292
(09017 09012) 1.4063146881025983
(09017 09013) 1.2829540592775583
(09017 09014) 1.3113107590683561
(09017 09015) 1.598707653584701
(09017 09016) 1.3694786884928787
(09017 09017) 0.0
]
