!n: Number of areas
n: 46
!I: Set if areas
I: [11001 11002 11003 11004 11005 11006 11007 11008 11009 11010 11011 11012 11013 11014 11015 11016 11017 11018 11019 11020 11021 11022 11023 11024 11025 11026 11027 11028 11029 11030 11031 11032 11033 11034 11035 11036 11037 11038 11039 11040 11041 11042 11043 11044 11045 11046 ]
!p: Number of regions
p: 5
!K: Set of regions
K: [1 2 3 4 5 ]
!N: Node Neighbor Set
N: [
(11001) [11012 11016 11017 11023 11024 11026 11042]
(11002) [11019 11028 11038 11039]
(11003) [11005 11009 11014 11027 11032 11033 11035]
(11004) [11005 11007 11019 11039]
(11005) [11003 11004 11007 11009]
(11006) [11045]
(11007) [11004 11005 11009 11011 11035 11039 11044]
(11008) [11012 11023 11025 11026 11031]
(11009) [11003 11005 11007 11035]
(11010) [11019]
(11011) [11007 11018 11027 11028 11039 11044]
(11012) [11001 11008 11023 11026]
(11013) [11032 11033 11040 11043]
(11014) [11003 11015 11027 11029 11030 11033]
(11015) [11014 11017 11020 11027 11030 11037]
(11016) [11001 11042]
(11017) [11001 11015 11024 11026 11027 11037]
(11018) [11011 11027 11028 11042 11046]
(11019) [11002 11004 11010 11038 11039]
(11020) [11015 11025 11026 11030 11031 11037]
(11021) [11041 11046]
(11022) [11030]
(11023) [11001 11008 11012]
(11024) [11001 11017 11027 11042]
(11025) [11008 11020 11031]
(11026) [11001 11008 11012 11017 11020 11031 11037]
(11027) [11003 11011 11014 11015 11017 11018 11024 11035 11042 11044]
(11028) [11002 11011 11018 11036 11039 11046]
(11029) [11014 11030 11033]
(11030) [11014 11015 11020 11022 11029]
(11031) [11008 11020 11025 11026]
(11032) [11003 11013 11033 11040]
(11033) [11003 11013 11014 11029 11032 11043]
(11034) [11040 11043 11045]
(11035) [11003 11007 11009 11027 11044]
(11036) [11028 11046]
(11037) [11015 11017 11020 11026]
(11038) [11002 11019]
(11039) [11002 11004 11007 11011 11019 11028]
(11040) [11013 11032 11034 11043]
(11041) [11021 11046]
(11042) [11001 11016 11018 11024 11027 11046]
(11043) [11013 11033 11034 11040 11045]
(11044) [11007 11011 11027 11035]
(11045) [11006 11034 11043]
(11046) [11018 11021 11028 11036 11041 11042]
]
!d(i,j): distance list
d: [
(11001 11001) 0.0
(11001 11002) 0.3309605309321362
(11001 11003) 0.39588190984570604
(11001 11004) 0.5253762576578153
(11001 11005) 0.7280881994991876
(11001 11006) 1.5182271638751195
(11001 11007) 0.48791520852404713
(11001 11008) 0.2767583230299965
(11001 11009) 0.4770682788054863
(11001 11010) 0.8955036936176949
(11001 11011) 0.23139536195969304
(11001 11012) 0.4545454946921812
(11001 11013) 0.7624509285709331
(11001 11014) 0.6281725588943148
(11001 11015) 0.8732615250930194
(11001 11016) 1.173159598382071
(11001 11017) 0.42227206229106307
(11001 11018) 0.30426377093916024
(11001 11019) 1.0407113661888108
(11001 11020) 0.34677082476340937
(11001 11021) 0.7381695923317493
(11001 11022) 0.3745323871299085
(11001 11023) 0.25121674819702744
(11001 11024) 1.142189709042957
(11001 11025) 0.5437495042659277
(11001 11026) 0.3570425497425963
(11001 11027) 0.726163465104763
(11001 11028) 0.4647880113698215
(11001 11029) 0.46628425489123243
(11001 11030) 0.48056687498327344
(11001 11031) 0.21332749773560783
(11001 11032) 0.7535785237915463
(11001 11033) 1.317553006217448
(11001 11034) 0.6029606254879625
(11001 11035) 0.3984395918443116
(11001 11036) 0.8048328940722569
(11001 11037) 0.7641133217440695
(11001 11038) 1.17038746863614
(11001 11039) 1.0806166833443587
(11001 11040) 1.2334190817393536
(11001 11041) 0.8569349841962183
(11001 11042) 0.4426539982788339
(11001 11043) 1.2182269576462612
(11001 11044) 0.7048539439411671
(11001 11045) 1.320756119093805
(11001 11046) 0.5438771029374952
(11002 11001) 0.3309605309321362
(11002 11002) 0.0
(11002 11003) 0.3437976369310386
(11002 11004) 0.7137742996551153
(11002 11005) 0.8975708755974572
(11002 11006) 1.3218769409297868
(11002 11007) 0.6417284114306504
(11002 11008) 0.35416616612305984
(11002 11009) 0.222046388031556
(11002 11010) 0.6524004541963471
(11002 11011) 0.37606083318086414
(11002 11012) 0.19602484893332064
(11002 11013) 0.9522236375330164
(11002 11014) 0.4324827658753866
(11002 11015) 0.7680257131385456
(11002 11016) 0.9078270138493156
(11002 11017) 0.5746811851341427
(11002 11018) 0.451076892254202
(11002 11019) 0.748510700044749
(11002 11020) 0.3524862640281459
(11002 11021) 0.4867197413771828
(11002 11022) 0.5592336634277405
(11002 11023) 0.2400124734753551
(11002 11024) 0.8997568263320458
(11002 11025) 0.7209454494249927
(11002 11026) 0.36098805191340644
(11002 11027) 0.899679783061208
(11002 11028) 0.1811881279929207
(11002 11029) 0.6541278880672654
(11002 11030) 0.23876150657542736
(11002 11031) 0.3735650982655899
(11002 11032) 0.9281689348124786
(11002 11033) 1.2643495546943362
(11002 11034) 0.37999927557761537
(11002 11035) 0.5418453031846729
(11002 11036) 0.5380481415640771
(11002 11037) 0.9381062864325732
(11002 11038) 0.8873583582503606
(11002 11039) 0.8188732090938476
(11002 11040) 0.9865942840159027
(11002 11041) 0.568892906206869
(11002 11042) 0.2500282400679141
(11002 11043) 0.976559630557753
(11002 11044) 0.8504373625178941
(11002 11045) 1.0906519130333252
(11002 11046) 0.27331918890408796
(11003 11001) 0.39588190984570604
(11003 11002) 0.3437976369310386
(11003 11003) 0.0
(11003 11004) 0.6579751224722422
(11003 11005) 0.867283782888826
(11003 11006) 1.2793922656014383
(11003 11007) 0.5889227451543922
(11003 11008) 0.31158942260471006
(11003 11009) 0.43781497552905513
(11003 11010) 0.8736896745473591
(11003 11011) 0.409534015132044
(11003 11012) 0.32011212255153443
(11003 11013) 0.8897098804358081
(11003 11014) 0.5943288756139865
(11003 11015) 0.664829848876743
(11003 11016) 1.0326702735163853
(11003 11017) 0.5421771707848304
(11003 11018) 0.4093280624967918
(11003 11019) 0.9768292769420586
(11003 11020) 0.42422841392417676
(11003 11021) 0.7279807122555851
(11003 11022) 0.5230213532578695
(11003 11023) 0.3591335577313941
(11003 11024) 0.963755571529009
(11003 11025) 0.6641716554419017
(11003 11026) 0.41358153884262816
(11003 11027) 0.8377510600158107
(11003 11028) 0.3953647785154602
(11003 11029) 0.6107792987548902
(11003 11030) 0.39079895629146183
(11003 11031) 0.3389302024874272
(11003 11032) 0.8459181752385789
(11003 11033) 1.3322925238138112
(11003 11034) 0.3619607652176934
(11003 11035) 0.4460004913943357
(11003 11036) 0.5215672394155719
(11003 11037) 0.8616764052201673
(11003 11038) 0.9817282757779838
(11003 11039) 0.9345760705384248
(11003 11040) 0.9650119600047016
(11003 11041) 0.7350552055254088
(11003 11042) 0.5012401821202044
(11003 11043) 1.023968501901996
(11003 11044) 0.8153348851757153
(11003 11045) 1.0451649761044868
(11003 11046) 0.375927469584124
(11004 11001) 0.5253762576578153
(11004 11002) 0.7137742996551153
(11004 11003) 0.6579751224722422
(11004 11004) 0.0
(11004 11005) 0.2257112510604683
(11004 11006) 1.6430230690304277
(11004 11007) 0.19152128572517413
(11004 11008) 0.41582590695071514
(11004 11009) 0.8202916507803478
(11004 11010) 1.2283543401584942
(11004 11011) 0.3651718921785357
(11004 11012) 0.7346408698126293
(11004 11013) 0.23844933787790112
(11004 11014) 1.0590906706847012
(11004 11015) 1.2688494519555717
(11004 11016) 1.5164031772653994
(11004 11017) 0.23259942628750088
(11004 11018) 0.2668417287811259
(11004 11019) 1.3953156288215496
(11004 11020) 0.8099984645930044
(11004 11021) 1.1793190655915549
(11004 11022) 0.16882835567361631
(11004 11023) 0.6018543772172763
(11004 11024) 1.5014502193793546
(11004 11025) 0.13486500587627953
(11004 11026) 0.37551913389777525
(11004 11027) 0.2182501492031757
(11004 11028) 0.7729384187774015
(11004 11029) 0.10353701473720671
(11004 11030) 0.7606871396624896
(11004 11031) 0.4233321057878615
(11004 11032) 0.23512940911057814
(11004 11033) 1.6366111865354565
(11004 11034) 0.7471589913335861
(11004 11035) 0.2982768601570014
(11004 11036) 0.9668010050258387
(11004 11037) 0.25864102669743744
(11004 11038) 1.4542516689856653
(11004 11039) 1.4321167433283082
(11004 11040) 1.4227004611339482
(11004 11041) 1.1724472474646586
(11004 11042) 0.8836991952255778
(11004 11043) 1.4979313084551378
(11004 11044) 0.21364248062839034
(11004 11045) 1.531941633726879
(11004 11046) 0.8224426160694718
(11005 11001) 0.7280881994991876
(11005 11002) 0.8975708755974572
(11005 11003) 0.867283782888826
(11005 11004) 0.2257112510604683
(11005 11005) 0.0
(11005 11006) 1.7771274259158558
(11005 11007) 0.302695166496538
(11005 11008) 0.63419539320809
(11005 11009) 1.0037908901998942
(11005 11010) 1.4506748673295775
(11005 11011) 0.5486711315980819
(11005 11012) 0.9533888847772674
(11005 11013) 0.06480326755990297
(11005 11014) 1.2756636620242383
(11005 11015) 1.4439156974978482
(11005 11016) 1.741817091803072
(11005 11017) 0.36493475220688437
(11005 11018) 0.4764650671727191
(11005 11019) 1.5791122047638915
(11005 11020) 0.9937950405353462
(11005 11021) 1.3650270730356522
(11005 11022) 0.3768206123033109
(11005 11023) 0.7815415294367676
(11005 11024) 1.7268641339170272
(11005 11025) 0.2115079979410083
(11005 11026) 0.5748228076606489
(11005 11027) 0.05491459688958392
(11005 11028) 0.9589884163492476
(11005 11029) 0.28535766264831813
(11005 11030) 0.9705861171837477
(11005 11031) 0.6311928045316942
(11005 11032) 0.053533980485932976
(11005 11033) 1.834619348464897
(11005 11034) 0.9073896634388791
(11005 11035) 0.4546972389223416
(11005 11036) 1.170884979872714
(11005 11037) 0.07303013538555204
(11005 11038) 1.65503122487918
(11005 11039) 1.6041340340684485
(11005 11040) 1.6027437178184216
(11005 11041) 1.3734026160605148
(11005 11042) 1.0674957711679196
(11005 11043) 1.718828304694443
(11005 11044) 0.14205784359867796
(11005 11045) 1.7187643059199502
(11005 11046) 1.0268239274391424
(11006 11001) 1.5182271638751195
(11006 11002) 1.3218769409297868
(11006 11003) 1.2793922656014383
(11006 11004) 1.6430230690304277
(11006 11005) 1.7771274259158558
(11006 11006) 0.0
(11006 11007) 1.7007702819659076
(11006 11008) 1.4310091202266182
(11006 11009) 1.183404135070932
(11006 11010) 1.2489287761946153
(11006 11011) 1.5445740488571014
(11006 11012) 1.195972910153875
(11006 11013) 1.7906794607289784
(11006 11014) 1.0697052543506878
(11006 11015) 1.204779670866322
(11006 11016) 1.0325045077668096
(11006 11017) 1.6954025078788548
(11006 11018) 1.501120634344726
(11006 11019) 0.9279088286045539
(11006 11020) 1.5231368526796627
(11006 11021) 1.0923536587203508
(11006 11022) 1.5476858489646566
(11006 11023) 1.4616179755323329
(11006 11024) 0.9841783083177817
(11006 11025) 1.7371799239710355
(11006 11026) 1.3914354337705692
(11006 11027) 1.7992143650854249
(11006 11028) 1.1753159887194058
(11006 11029) 1.5705204789397245
(11006 11030) 1.0865716466708326
(11006 11031) 1.5433463621031163
(11006 11032) 1.782512954734856
(11006 11033) 1.6031667415402397
(11006 11034) 0.9897045372981589
(11006 11035) 1.5127209365600383
(11006 11036) 0.918727576226107
(11006 11037) 1.8142030467666173
(11006 11038) 0.7868399334692594
(11006 11039) 0.9285618771135319
(11006 11040) 0.726305098455014
(11006 11041) 1.0544647523400486
(11006 11042) 1.2762768365553179
(11006 11043) 0.7659092105911818
(11006 11044) 1.7778192482093784
(11006 11045) 0.400287002548686
(11006 11046) 1.0839886706590462
(11007 11001) 0.48791520852404713
(11007 11002) 0.6417284114306504
(11007 11003) 0.5889227451543922
(11007 11004) 0.19152128572517413
(11007 11005) 0.302695166496538
(11007 11006) 1.7007702819659076
(11007 11007) 0.0
(11007 11008) 0.44167558229778325
(11007 11009) 0.7935309965628357
(11007 11010) 1.2475857327972653
(11007 11011) 0.3096415007002845
(11007 11012) 0.7447831990262733
(11007 11013) 0.35487112597314663
(11007 11014) 1.0064765612474982
(11007 11015) 1.1630194649593915
(11007 11016) 1.500827161181791
(11007 11017) 0.08736242653962488
(11007 11018) 0.28158617171595757
(11007 11019) 1.372468384638835
(11007 11020) 0.6936906678728753
(11007 11021) 1.0994663361549388
(11007 11022) 0.21346737948771624
(11007 11023) 0.5442604324631849
(11007 11024) 1.5090147920254005
(11007 11025) 0.17270252470290381
(11007 11026) 0.4149068969222407
(11007 11027) 0.30035863437330945
(11007 11028) 0.7348583282178897
(11007 11029) 0.23434640265129889
(11007 11030) 0.7404683267519641
(11007 11031) 0.34223916183405645
(11007 11032) 0.31107942077591744
(11007 11033) 1.6062091607518203
(11007 11034) 0.7868586285804837
(11007 11035) 0.28147550950943906
(11007 11036) 0.9934187138991273
(11007 11037) 0.3245611008900783
(11007 11038) 1.461366707209974
(11007 11039) 1.3842418163570356
(11007 11040) 1.4696878732647791
(11007 11041) 1.1188267216248982
(11007 11042) 0.8148301007928046
(11007 11043) 1.5091960749776112
(11007 11044) 0.2523245694176149
(11007 11045) 1.5315754267451818
(11007 11046) 0.8153310800366327
(11008 11001) 0.2767583230299965
(11008 11002) 0.35416616612305984
(11008 11003) 0.31158942260471006
(11008 11004) 0.41582590695071514
(11008 11005) 0.63419539320809
(11008 11006) 1.4310091202266182
(11008 11007) 0.44167558229778325
(11008 11008) 0.0
(11008 11009) 0.43635073465682633
(11008 11010) 0.838637701071178
(11008 11011) 0.1930898162677054
(11008 11012) 0.33037508029387314
(11008 11013) 0.6508651717323553
(11008 11014) 0.6534933581116601
(11008 11015) 0.9159160540739957
(11008 11016) 1.107674416644824
(11008 11017) 0.37184542040918306
(11008 11018) 0.16567746914593903
(11008 11019) 0.992592249121098
(11008 11020) 0.5358564636506595
(11008 11021) 0.7733281640964842
(11008 11022) 0.2660564831851615
(11008 11023) 0.3201708788289821
(11008 11024) 1.1005234987406518
(11008 11025) 0.4453929093043427
(11008 11026) 0.15864192200950908
(11008 11027) 0.6249531619909408
(11008 11028) 0.4008782325395341
(11008 11029) 0.353707246872409
(11008 11030) 0.40284580389708596
(11008 11031) 0.19309901860272707
(11008 11032) 0.6418359729935479
(11008 11033) 1.369466894282365
(11008 11034) 0.4574521030646533
(11008 11035) 0.28672695253450764
(11008 11036) 0.6548414997134456
(11008 11037) 0.6640614586593155
(11008 11038) 1.0598891126485543
(11008 11039) 1.089103777185337
(11008 11040) 1.1052325088641397
(11008 11041) 0.8059241136393845
(11008 11042) 0.4926447600870742
(11008 11043) 1.0912064011305287
(11008 11044) 0.6194059400662468
(11008 11045) 1.2173327104704952
(11008 11046) 0.43169064754728437
(11009 11001) 0.4770682788054863
(11009 11002) 0.222046388031556
(11009 11003) 0.43781497552905513
(11009 11004) 0.8202916507803478
(11009 11005) 1.0037908901998942
(11009 11006) 1.183404135070932
(11009 11007) 0.7935309965628357
(11009 11008) 0.43635073465682633
(11009 11009) 0.0
(11009 11010) 0.5735757330599204
(11009 11011) 0.4915832662935291
(11009 11012) 0.19460328579964808
(11009 11013) 1.058688052565191
(11009 11014) 0.3168584922649035
(11009 11015) 0.7616117844879058
(11009 11016) 0.7673216459605776
(11009 11017) 0.7257118686732231
(11009 11018) 0.5566874171096204
(11009 11019) 0.6276094242653941
(11009 11020) 0.3627709606833331
(11009 11021) 0.4352324888385939
(11009 11022) 0.6572837708291424
(11009 11023) 0.41844356301786473
(11009 11024) 0.7557382763546019
(11009 11025) 0.8365342697732584
(11009 11026) 0.472420112525014
(11009 11027) 1.0156393595961337
(11009 11028) 0.1429200462023652
(11009 11029) 0.7603479026697025
(11009 11030) 0.20440022306327948
(11009 11031) 0.5300618228755342
(11009 11032) 1.0422334480147015
(11009 11033) 1.2998035868999886
(11009 11034) 0.3584451010926253
(11009 11035) 0.6528268425542031
(11009 11036) 0.41157988324530215
(11009 11037) 1.0548556902214254
(11009 11038) 0.8111754893138202
(11009 11039) 0.6575138023991449
(11009 11040) 0.8043192977432044
(11009 11041) 0.5106890850733773
(11009 11042) 0.19739419779182008
(11009 11043) 0.785808603620844
(11009 11044) 0.9591396921079336
(11009 11045) 0.960116173896122
(11009 11046) 0.1778871795479936
(11010 11001) 0.8955036936176949
(11010 11002) 0.6524004541963471
(11010 11003) 0.8736896745473591
(11010 11004) 1.2283543401584942
(11010 11005) 1.4506748673295775
(11010 11006) 1.2489287761946153
(11010 11007) 1.2475857327972653
(11010 11008) 0.838637701071178
(11010 11009) 0.5735757330599204
(11010 11010) 0.0
(11010 11011) 0.9669760959745124
(11010 11012) 0.6139659759605954
(11010 11013) 1.4636573545767475
(11010 11014) 0.5607314400400241
(11010 11015) 0.8362733215306586
(11010 11016) 0.41623810918262344
(11010 11017) 1.1623446220936182
(11010 11018) 0.984788511337003
(11010 11019) 0.5870284679387523
(11010 11020) 0.8086631277207912
(11010 11021) 0.4350979394886455
(11010 11022) 1.0892678228119579
(11010 11023) 0.7736371286825291
(11010 11024) 0.561524510681555
(11010 11025) 1.2583222232288547
(11010 11026) 0.9098617285757061
(11010 11027) 1.4315860285365398
(11010 11028) 0.6780321182891478
(11010 11029) 1.1674508031205753
(11010 11030) 0.7067032188465244
(11010 11031) 0.9637529065214323
(11010 11032) 1.4485383148340696
(11010 11033) 1.3308407061168588
(11010 11034) 0.8305997607082516
(11010 11035) 1.0940853719454948
(11010 11036) 0.7610209238146005
(11010 11037) 1.4712443223171054
(11010 11038) 0.7171937489680704
(11010 11039) 0.6785019272069441
(11010 11040) 0.5898198283504799
(11010 11041) 0.5391398272829758
(11010 11042) 0.6016096770770111
(11010 11043) 0.5698362274421257
(11010 11044) 1.4274482797005958
(11010 11045) 1.0379002310189243
(11010 11046) 0.6606837457185235
(11011 11001) 0.23139536195969304
(11011 11002) 0.37606083318086414
(11011 11003) 0.409534015132044
(11011 11004) 0.3651718921785357
(11011 11005) 0.5486711315980819
(11011 11006) 1.5445740488571014
(11011 11007) 0.3096415007002845
(11011 11008) 0.1930898162677054
(11011 11009) 0.4915832662935291
(11011 11010) 0.9669760959745124
(11011 11011) 0.0
(11011 11012) 0.477917280125236
(11011 11013) 0.6035682939633789
(11011 11014) 0.763145083895489
(11011 11015) 0.9588019405229379
(11011 11016) 1.2383334879620684
(11011 11017) 0.24849596763475162
(11011 11018) 0.16799900231114817
(11011 11019) 1.0788324983169708
(11011 11020) 0.44674696518081497
(11011 11021) 0.8557056019749706
(11011 11022) 0.24263717778886584
(11011 11023) 0.2862941412366507
(11011 11024) 1.2393882567236647
(11011 11025) 0.38183158675602913
(11011 11026) 0.22251202571391843
(11011 11027) 0.5504415181496894
(11011 11028) 0.4777387918297247
(11011 11029) 0.33504639005405906
(11011 11030) 0.5109782146370938
(11011 11031) 0.1461217723557216
(11011 11032) 0.5725251261451226
(11011 11033) 1.3545217751395713
(11011 11034) 0.6209948097186038
(11011 11035) 0.22339334596719349
(11011 11036) 0.8265367040736681
(11011 11037) 0.5829740364606683
(11011 11038) 1.2237321061028248
(11011 11039) 1.0999244690581642
(11011 11040) 1.271660263481692
(11011 11041) 0.8889129935327907
(11011 11042) 0.5412381370863738
(11011 11043) 1.2607293286810128
(11011 11044) 0.4781801801421761
(11011 11045) 1.3269915040951688
(11011 11046) 0.579806370337062
(11012 11001) 0.4545454946921812
(11012 11002) 0.19602484893332064
(11012 11003) 0.32011212255153443
(11012 11004) 0.7346408698126293
(11012 11005) 0.9533888847772674
(11012 11006) 1.195972910153875
(11012 11007) 0.7447831990262733
(11012 11008) 0.33037508029387314
(11012 11009) 0.19460328579964808
(11012 11010) 0.6139659759605954
(11012 11011) 0.477917280125236
(11012 11012) 0.0
(11012 11013) 0.9730902076905303
(11012 11014) 0.36740807305779694
(11012 11015) 0.7989756935832713
(11012 11016) 0.7986214003922779
(11012 11017) 0.6646756812737175
(11012 11018) 0.4800373686259916
(11012 11019) 0.7186664752695214
(11012 11020) 0.49574842640396977
(11012 11021) 0.5041021822520233
(11012 11022) 0.5788644885880504
(11012 11023) 0.3976469124345446
(11012 11024) 0.7850214699309565
(11012 11025) 0.7665972769152859
(11012 11026) 0.3943339673871299
(11012 11027) 0.9320799021887941
(11012 11028) 0.1878786913011149
(11012 11029) 0.6749944582247793
(11012 11030) 0.21050777241002455
(11012 11031) 0.4691388841002052
(11012 11032) 0.9546707152489302
(11012 11033) 1.3368775635024581
(11012 11034) 0.26856270938175586
(11012 11035) 0.5917365500620908
(11012 11036) 0.40444239016824024
(11012 11037) 0.972087625363767
(11012 11038) 0.7610659660856169
(11012 11039) 0.7917636912850077
(11012 11040) 0.8364321685943202
(11012 11041) 0.5855140299069209
(11012 11042) 0.2907316175045304
(11012 11043) 0.8002272914010145
(11012 11044) 0.9293610068279885
(11012 11045) 0.95110177875391
(11012 11046) 0.1543331959359819
(11013 11001) 0.7624509285709331
(11013 11002) 0.9522236375330164
(11013 11003) 0.8897098804358081
(11013 11004) 0.23844933787790112
(11013 11005) 0.06480326755990297
(11013 11006) 1.7906794607289784
(11013 11007) 0.35487112597314663
(11013 11008) 0.6508651717323553
(11013 11009) 1.058688052565191
(11013 11010) 1.4636573545767475
(11013 11011) 0.6035682939633789
(11013 11012) 0.9730902076905303
(11013 11013) 0.0
(11013 11014) 1.2975400085626023
(11013 11015) 1.5010770973111813
(11013 11016) 1.754799579050242
(11013 11017) 0.4027874272717826
(11013 11018) 0.5034304534017657
(11013 11019) 1.6337649666994511
(11013 11020) 1.0484478024709056
(11013 11021) 1.4177684034694562
(11013 11022) 0.40140428173604864
(11013 11023) 0.8364386918020644
(11013 11024) 1.7398466211641972
(11013 11025) 0.2472397552372543
(11013 11026) 0.6021644232059485
(11013 11027) 0.0748846904972632
(11013 11028) 1.011387756655303
(11013 11029) 0.29834014989548846
(11013 11030) 0.9991364775403908
(11013 11031) 0.6606180897087305
(11013 11032) 0.053777322386464106
(11013 11033) 1.8701156807878618
(11013 11034) 0.9230919109528922
(11013 11035) 0.5018699821968512
(11013 11036) 1.1884222214861957
(11013 11037) 0.0672378828614824
(11013 11038) 1.6707334723931928
(11013 11039) 1.6602646750729677
(11013 11040) 1.6062157903330092
(11013 11041) 1.4108965853425592
(11013 11042) 1.1221485331034793
(11013 11043) 1.7299757978421448
(11013 11044) 0.19473732616100267
(11013 11045) 1.7357461776991259
(11013 11046) 1.0441167686228863
(11014 11001) 0.6281725588943148
(11014 11002) 0.4324827658753866
(11014 11003) 0.5943288756139865
(11014 11004) 1.0590906706847012
(11014 11005) 1.2756636620242383
(11014 11006) 1.0697052543506878
(11014 11007) 1.0064765612474982
(11014 11008) 0.6534933581116601
(11014 11009) 0.3168584922649035
(11014 11010) 0.5607314400400241
(11014 11011) 0.763145083895489
(11014 11012) 0.36740807305779694
(11014 11013) 1.2975400085626023
(11014 11014) 0.0
(11014 11015) 0.6729608356685204
(11014 11016) 0.62201665771572
(11014 11017) 0.9301282408007857
(11014 11018) 0.7999055357851053
(11014 11019) 0.5173107032419815
(11014 11020) 0.5412313262009331
(11014 11021) 0.22014878162545606
(11014 11022) 0.9006780438203963
(11014 11023) 0.6449140335223721
(11014 11024) 0.6592321672278174
(11014 11025) 1.0651323103906372
(11014 11026) 0.7008642304223168
(11014 11027) 1.2517463824804917
(11014 11028) 0.3359975337012844
(11014 11029) 0.9994442590968511
(11014 11030) 0.33444075569404547
(11014 11031) 0.7192200340641848
(11014 11032) 1.2771321120433048
(11014 11033) 1.283249193963059
(11014 11034) 0.46660440302531386
(11014 11035) 0.9070978739877705
(11014 11036) 0.37774702907224894
(11014 11037) 1.2890394038108544
(11014 11038) 0.6274159580866056
(11014 11039) 0.5794042883202756
(11014 11040) 0.6497488587722541
(11014 11041) 0.3897079685748109
(11014 11042) 0.31230915962168826
(11014 11043) 0.654901802052771
(11014 11044) 1.2411337904574293
(11014 11045) 0.8253446254726111
(11014 11046) 0.289685771329822
(11015 11001) 0.8732615250930194
(11015 11002) 0.7680257131385456
(11015 11003) 0.664829848876743
(11015 11004) 1.2688494519555717
(11015 11005) 1.4439156974978482
(11015 11006) 1.204779670866322
(11015 11007) 1.1630194649593915
(11015 11008) 0.9159160540739957
(11015 11009) 0.7616117844879058
(11015 11010) 0.8362733215306586
(11015 11011) 0.9588019405229379
(11015 11012) 0.7989756935832713
(11015 11013) 1.5010770973111813
(11015 11014) 0.6729608356685204
(11015 11015) 0.0
(11015 11016) 0.9890602705092255
(11015 11017) 1.135683549732346
(11015 11018) 1.0100857047070069
(11015 11019) 0.8728478217680005
(11015 11020) 0.7585524998474279
(11015 11021) 0.6848919561912961
(11015 11022) 1.1304717086988092
(11015 11023) 0.8574575106488208
(11015 11024) 0.9147536878121229
(11015 11025) 1.2661622110904007
(11015 11026) 0.9593702654355373
(11015 11027) 1.4440486227132272
(11015 11028) 0.7961028747520519
(11015 11029) 1.212619029923091
(11015 11030) 0.8183768508430838
(11015 11031) 0.894643067458552
(11015 11032) 1.4548670793509477
(11015 11033) 1.3274206886326725
(11015 11034) 0.9064204637982618
(11015 11035) 1.0209726573379554
(11015 11036) 0.81572547250832
(11015 11037) 1.4679095869018912
(11015 11038) 0.9599335897058104
(11015 11039) 0.8472178608214495
(11015 11040) 0.9069301760934406
(11015 11041) 0.6994450828826683
(11015 11042) 0.6939283017672471
(11015 11043) 0.9800093067434307
(11015 11044) 1.3755988626339455
(11015 11045) 1.0051598091351117
(11015 11046) 0.8034538659748649
(11016 11001) 1.173159598382071
(11016 11002) 0.9078270138493156
(11016 11003) 1.0326702735163853
(11016 11004) 1.5164031772653994
(11016 11005) 1.741817091803072
(11016 11006) 1.0325045077668096
(11016 11007) 1.500827161181791
(11016 11008) 1.107674416644824
(11016 11009) 0.7673216459605776
(11016 11010) 0.41623810918262344
(11016 11011) 1.2383334879620684
(11016 11012) 0.7986214003922779
(11016 11013) 1.754799579050242
(11016 11014) 0.62201665771572
(11016 11015) 0.9890602705092255
(11016 11016) 0.0
(11016 11017) 1.4256915295718369
(11016 11018) 1.2664539203050587
(11016 11019) 0.40093003419993783
(11016 11020) 1.0321090264431092
(11016 11021) 0.504918426315907
(11016 11022) 1.36683147359923
(11016 11023) 1.049163903699009
(11016 11024) 0.35596747670825024
(11016 11025) 1.5490687582965057
(11016 11026) 1.179777344484324
(11016 11027) 1.717425948769425
(11016 11028) 0.8258831695289093
(11016 11029) 1.4564594291547537
(11016 11030) 0.8210204026247908
(11016 11031) 1.2118451018701433
(11016 11032) 1.716811881924124
(11016 11033) 1.3099768563189758
(11016 11034) 0.8861515032323933
(11016 11035) 1.3551197909710597
(11016 11036) 0.7921117463908134
(11016 11037) 1.7435824511025935
(11016 11038) 0.5337330111907646
(11016 11039) 0.4951803740136968
(11016 11040) 0.5002906055938847
(11016 11041) 0.6190871282807235
(11016 11042) 0.8637793575824163
(11016 11043) 0.35699972084806264
(11016 11044) 1.7014542604854153
(11016 11045) 0.8113867328999691
(11016 11046) 0.7370502512347824
(11017 11001) 0.42227206229106307
(11017 11002) 0.5746811851341427
(11017 11003) 0.5421771707848304
(11017 11004) 0.23259942628750088
(11017 11005) 0.36493475220688437
(11017 11006) 1.6954025078788548
(11017 11007) 0.08736242653962488
(11017 11008) 0.37184542040918306
(11017 11009) 0.7257118686732231
(11017 11010) 1.1623446220936182
(11017 11011) 0.24849596763475162
(11017 11012) 0.6646756812737175
(11017 11013) 0.4027874272717826
(11017 11014) 0.9301282408007857
(11017 11015) 1.135683549732346
(11017 11016) 1.4256915295718369
(11017 11017) 0.0
(11017 11018) 0.2473525517763101
(11017 11019) 1.3026293324730134
(11017 11020) 0.6458024462992038
(11017 11021) 1.03721459419453
(11017 11022) 0.20301207421054757
(11017 11023) 0.49032013216608605
(11017 11024) 1.4321171446168224
(11017 11025) 0.16819332383050192
(11017 11026) 0.3934823409988972
(11017 11027) 0.3482749356719455
(11017 11028) 0.667887988960393
(11017 11029) 0.27057187860206455
(11017 11030) 0.6841223885088806
(11017 11031) 0.2858348846881524
(11017 11032) 0.3644875587266977
(11017 11033) 1.5323287737800975
(11017 11034) 0.770437251700611
(11017 11035) 0.291732006441384
(11017 11036) 0.9700385592083018
(11017 11037) 0.37356854961820196
(11017 11038) 1.3753481653135247
(11017 11039) 1.3254787448903127
(11017 11040) 1.4486276606103732
(11017 11041) 1.0497814590128625
(11017 11042) 0.754756298971366
(11017 11043) 1.4352105662283483
(11017 11044) 0.3129858544937735
(11017 11045) 1.4776742412105444
(11017 11046) 0.7295188906281114
(11018 11001) 0.30426377093916024
(11018 11002) 0.451076892254202
(11018 11003) 0.4093280624967918
(11018 11004) 0.2668417287811259
(11018 11005) 0.4764650671727191
(11018 11006) 1.501120634344726
(11018 11007) 0.28158617171595757
(11018 11008) 0.16567746914593903
(11018 11009) 0.5566874171096204
(11018 11010) 0.984788511337003
(11018 11011) 0.16799900231114817
(11018 11012) 0.4800373686259916
(11018 11013) 0.5034304534017657
(11018 11014) 0.7999055357851053
(11018 11015) 1.0100857047070069
(11018 11016) 1.2664539203050587
(11018 11017) 0.2473525517763101
(11018 11018) 0.0
(11018 11019) 1.1321519438570977
(11018 11020) 0.5831377368723037
(11018 11021) 0.9160121684436231
(11018 11022) 0.13455393036366176
(11018 11023) 0.35856926846868575
(11018 11024) 1.2511060076778944
(11018 11025) 0.3188993289072895
(11018 11026) 0.17590714127615506
(11018 11027) 0.46803351114713504
(11018 11028) 0.5104165883907723
(11018 11029) 0.21069107203811696
(11018 11030) 0.49893393266649166
(11018 11031) 0.23362638335619498
(11018 11032) 0.49581408156319573
(11018 11033) 1.3909710626442104
(11018 11034) 0.5727597499685962
(11018 11035) 0.13175935781133347
(11018 11036) 0.7777071015310698
(11018 11037) 0.5098942302531219
(11018 11038) 1.2171507595501034
(11018 11039) 1.1983848417580976
(11018 11040) 1.240669126106429
(11018 11041) 0.9159140130782357
(11018 11042) 0.6203922980776461
(11018 11043) 1.2517490479291062
(11018 11044) 0.46227694903481487
(11018 11045) 1.328736355493872
(11018 11046) 0.5830614493411209
(11019 11001) 1.0407113661888108
(11019 11002) 0.748510700044749
(11019 11003) 0.9768292769420586
(11019 11004) 1.3953156288215496
(11019 11005) 1.5791122047638915
(11019 11006) 0.9279088286045539
(11019 11007) 1.372468384638835
(11019 11008) 0.992592249121098
(11019 11009) 0.6276094242653941
(11019 11010) 0.5870284679387523
(11019 11011) 1.0788324983169708
(11019 11012) 0.7186664752695214
(11019 11013) 1.6337649666994511
(11019 11014) 0.5173107032419815
(11019 11015) 0.8728478217680005
(11019 11016) 0.40093003419993783
(11019 11017) 1.3026293324730134
(11019 11018) 1.1321519438570977
(11019 11019) 0.0
(11019 11020) 0.9456752658436303
(11019 11021) 0.378275701817099
(11019 11022) 1.2326050853931398
(11019 11023) 0.8661360413389066
(11019 11024) 0.5953191811451995
(11019 11025) 1.4064968890603369
(11019 11026) 1.0381340045206213
(11019 11027) 1.5942956456575363
(11019 11028) 0.686304144390699
(11019 11029) 1.3356692172337
(11019 11030) 0.6635715651411702
(11019 11031) 1.1073644469098889
(11019 11032) 1.6221649045312307
(11019 11033) 1.294682284466702
(11019 11034) 0.793099146842592
(11019 11035) 1.231755991166692
(11019 11036) 0.6646728391385219
(11019 11037) 1.6345804901449212
(11019 11038) 0.3838270605621509
(11019 11039) 0.4574762756040308
(11019 11040) 0.5711969832251756
(11019 11041) 0.4486132543190331
(11019 11042) 0.6908470105929764
(11019 11043) 0.5322059008377109
(11019 11044) 1.5433682104871365
(11019 11045) 0.703154329590069
(11019 11046) 0.6581754581486753
(11020 11001) 0.34677082476340937
(11020 11002) 0.3524862640281459
(11020 11003) 0.42422841392417676
(11020 11004) 0.8099984645930044
(11020 11005) 0.9937950405353462
(11020 11006) 1.5231368526796627
(11020 11007) 0.6936906678728753
(11020 11008) 0.5358564636506595
(11020 11009) 0.3627709606833331
(11020 11010) 0.8086631277207912
(11020 11011) 0.44674696518081497
(11020 11012) 0.49574842640396977
(11020 11013) 1.0484478024709056
(11020 11014) 0.5412313262009331
(11020 11015) 0.7585524998474279
(11020 11016) 1.0321090264431092
(11020 11017) 0.6458024462992038
(11020 11018) 0.5831377368723037
(11020 11019) 0.9456752658436303
(11020 11020) 0.0
(11020 11021) 0.6476069949943777
(11020 11022) 0.651251971583692
(11020 11023) 0.39623652360658485
(11020 11024) 1.0270842499177968
(11020 11025) 0.8046020063106677
(11020 11026) 0.6018478978256175
(11020 11027) 0.9939353108710683
(11020 11028) 0.42076975061690997
(11020 11029) 0.7503520530051545
(11020 11030) 0.5052516519658067
(11020 11031) 0.4041481466233979
(11020 11032) 1.0046560972736762
(11020 11033) 1.2982771739831191
(11020 11034) 0.7055054003738597
(11020 11035) 0.5680931604307176
(11020 11036) 0.7492430594006241
(11020 11037) 1.0181377773878373
(11020 11038) 1.1189403877310233
(11020 11039) 0.8631573897388062
(11020 11040) 1.106811127720447
(11020 11041) 0.7261716945849089
(11020 11042) 0.3083383747739117
(11020 11043) 1.1050082752719663
(11020 11044) 0.8645764881213661
(11020 11045) 1.2904679960638015
(11020 11046) 0.514192004225008
(11021 11001) 0.7381695923317493
(11021 11002) 0.4867197413771828
(11021 11003) 0.7279807122555851
(11021 11004) 1.1793190655915549
(11021 11005) 1.3650270730356522
(11021 11006) 1.0923536587203508
(11021 11007) 1.0994663361549388
(11021 11008) 0.7733281640964842
(11021 11009) 0.4352324888385939
(11021 11010) 0.4350979394886455
(11021 11011) 0.8557056019749706
(11021 11012) 0.5041021822520233
(11021 11013) 1.4177684034694562
(11021 11014) 0.22014878162545606
(11021 11015) 0.6848919561912961
(11021 11016) 0.504918426315907
(11021 11017) 1.03721459419453
(11021 11018) 0.9160121684436231
(11021 11019) 0.378275701817099
(11021 11020) 0.6476069949943777
(11021 11021) 0.0
(11021 11022) 1.016608522163145
(11021 11023) 0.6122636136905918
(11021 11024) 0.5707313022487223
(11021 11025) 1.1739476904077943
(11021 11026) 0.8201558340846166
(11021 11027) 1.3720867205625753
(11021 11028) 0.4135676355308703
(11021 11029) 1.1196726540037054
(11021 11030) 0.4587616161315109
(11021 11031) 0.8386944335855323
(11021 11032) 1.4005576140182265
(11021 11033) 1.263843118481405
(11021 11034) 0.6126783093698989
(11021 11035) 1.0045219057840125
(11021 11036) 0.5180029336085031
(11021 11037) 1.409638604909731
(11021 11038) 0.5036311984693579
(11021 11039) 0.5361487289144722
(11021 11040) 0.702221560792864
(11021 11041) 0.29165078900975105
(11021 11042) 0.4356181878433113
(11021 11043) 0.7088803917795036
(11021 11044) 1.3336943085369113
(11021 11045) 0.8436223797636202
(11021 11046) 0.4242254096538983
(11022 11001) 0.3745323871299085
(11022 11002) 0.5592336634277405
(11022 11003) 0.5230213532578695
(11022 11004) 0.16882835567361631
(11022 11005) 0.3768206123033109
(11022 11006) 1.5476858489646566
(11022 11007) 0.21346737948771624
(11022 11008) 0.2660564831851615
(11022 11009) 0.6572837708291424
(11022 11010) 1.0892678228119579
(11022 11011) 0.24263717778886584
(11022 11012) 0.5788644885880504
(11022 11013) 0.40140428173604864
(11022 11014) 0.9006780438203963
(11022 11015) 1.1304717086988092
(11022 11016) 1.36683147359923
(11022 11017) 0.20301207421054757
(11022 11018) 0.13455393036366176
(11022 11019) 1.2326050853931398
(11022 11020) 0.651251971583692
(11022 11021) 1.016608522163145
(11022 11022) 0.0
(11022 11023) 0.473714249281847
(11022 11024) 1.3518785157131852
(11022 11025) 0.2645582571247259
(11022 11026) 0.2286060770134879
(11022 11027) 0.37037912685360325
(11022 11028) 0.6186769010007148
(11022 11029) 0.11458365957449478
(11022 11030) 0.607212698254087
(11022 11031) 0.27537918668002415
(11022 11032) 0.39498468790453756
(11022 11033) 1.5079414129895288
(11022 11034) 0.6276928871102198
(11022 11035) 0.18171910747168726
(11022 11036) 0.8421345600823509
(11022 11037) 0.4087281483285093
(11022 11038) 1.3235491609252172
(11022 11039) 1.2797887362940352
(11022 11040) 1.2812967309566805
(11022 11041) 1.0298532670059939
(11022 11042) 0.7209886517971678
(11022 11043) 1.3430272345547398
(11022 11044) 0.3643298596199095
(11022 11045) 1.4132023510610212
(11022 11046) 0.6971768575846481
(11023 11001) 0.25121674819702744
(11023 11002) 0.2400124734753551
(11023 11003) 0.3591335577313941
(11023 11004) 0.6018543772172763
(11023 11005) 0.7815415294367676
(11023 11006) 1.4616179755323329
(11023 11007) 0.5442604324631849
(11023 11008) 0.3201708788289821
(11023 11009) 0.41844356301786473
(11023 11010) 0.7736371286825291
(11023 11011) 0.2862941412366507
(11023 11012) 0.3976469124345446
(11023 11013) 0.8364386918020644
(11023 11014) 0.6449140335223721
(11023 11015) 0.8574575106488208
(11023 11016) 1.049163903699009
(11023 11017) 0.49032013216608605
(11023 11018) 0.35856926846868575
(11023 11019) 0.8661360413389066
(11023 11020) 0.39623652360658485
(11023 11021) 0.6122636136905918
(11023 11022) 0.473714249281847
(11023 11023) 0.0
(11023 11024) 1.031719834531245
(11023 11025) 0.6087062480159375
(11023 11026) 0.3662980758373901
(11023 11027) 0.79825260845188
(11023 11028) 0.4033882650591659
(11023 11029) 0.5610806699439406
(11023 11030) 0.42614498066536466
(11023 11031) 0.3186650250543981
(11023 11032) 0.8254848480436431
(11023 11033) 1.2943529838557017
(11023 11034) 0.5162876388186903
(11023 11035) 0.4496799224756146
(11023 11036) 0.7270943792637066
(11023 11037) 0.8346973806561664
(11023 11038) 0.9787403194570524
(11023 11039) 0.9867780426420264
(11023 11040) 1.199616437696318
(11023 11041) 0.6772458672877054
(11023 11042) 0.40748315579082806
(11023 11043) 1.1781688937558878
(11023 11044) 0.7299341523455167
(11023 11045) 1.2505914354623202
(11023 11046) 0.481721572315332
(11024 11001) 1.142189709042957
(11024 11002) 0.8997568263320458
(11024 11003) 0.963755571529009
(11024 11004) 1.5014502193793546
(11024 11005) 1.7268641339170272
(11024 11006) 0.9841783083177817
(11024 11007) 1.5090147920254005
(11024 11008) 1.1005234987406518
(11024 11009) 0.7557382763546019
(11024 11010) 0.561524510681555
(11024 11011) 1.2393882567236647
(11024 11012) 0.7850214699309565
(11024 11013) 1.7398466211641972
(11024 11014) 0.6592321672278174
(11024 11015) 0.9147536878121229
(11024 11016) 0.35596747670825024
(11024 11017) 1.4321171446168224
(11024 11018) 1.2511060076778944
(11024 11019) 0.5953191811451995
(11024 11020) 1.0270842499177968
(11024 11021) 0.5707313022487223
(11024 11022) 1.3518785157131852
(11024 11023) 1.031719834531245
(11024 11024) 0.0
(11024 11025) 1.541290667341172
(11024 11026) 1.169335415267624
(11024 11027) 1.713512992044406
(11024 11028) 0.8434415003879202
(11024 11029) 1.441506471268709
(11024 11030) 0.888099949196075
(11024 11031) 1.2325596194375024
(11024 11032) 1.730667290547768
(11024 11033) 1.3092312132870148
(11024 11034) 0.9172158705021325
(11024 11035) 1.3543548608632163
(11024 11036) 0.8123402141126868
(11024 11037) 1.75239534478089
(11024 11038) 0.44972468697964796
(11024 11039) 0.5070081511622799
(11024 11040) 0.5671601073885334
(11024 11041) 0.7120276261327445
(11024 11042) 0.8419022422572505
(11024 11043) 0.46553073303280396
(11024 11044) 1.7093448865774301
(11024 11045) 0.7582576204731215
(11024 11046) 0.760292837833694
(11025 11001) 0.5437495042659277
(11025 11002) 0.7209454494249927
(11025 11003) 0.6641716554419017
(11025 11004) 0.13486500587627953
(11025 11005) 0.2115079979410083
(11025 11006) 1.7371799239710355
(11025 11007) 0.17270252470290381
(11025 11008) 0.4453929093043427
(11025 11009) 0.8365342697732584
(11025 11010) 1.2583222232288547
(11025 11011) 0.38183158675602913
(11025 11012) 0.7665972769152859
(11025 11013) 0.2472397552372543
(11025 11014) 1.0651323103906372
(11025 11015) 1.2661622110904007
(11025 11016) 1.5490687582965057
(11025 11017) 0.16819332383050192
(11025 11018) 0.3188993289072895
(11025 11019) 1.4064968890603369
(11025 11020) 0.8046020063106677
(11025 11021) 1.1739476904077943
(11025 11022) 0.2645582571247259
(11025 11023) 0.6087062480159375
(11025 11024) 1.541290667341172
(11025 11025) 0.0
(11025 11026) 0.47298090432532175
(11025 11027) 0.20856200832092472
(11025 11028) 0.7710103939913268
(11025 11029) 0.22993480055828552
(11025 11030) 0.7772856478362915
(11025 11031) 0.44198660305383186
(11025 11032) 0.23555572961505436
(11025 11033) 1.6492435476810128
(11025 11034) 0.8438998072883651
(11025 11035) 0.3959683688195811
(11025 11036) 1.0451435041992763
(11025 11037) 0.24476826222757758
(11025 11038) 1.4559273041955425
(11025 11039) 1.4433688507340485
(11025 11040) 1.5273992280252766
(11025 11041) 1.1860556816986594
(11025 11042) 0.8895814948724572
(11025 11043) 1.521845793797275
(11025 11044) 0.19775356562716362
(11025 11045) 1.5520111427079408
(11025 11046) 0.8365917770845581
(11026 11001) 0.3570425497425963
(11026 11002) 0.36098805191340644
(11026 11003) 0.41358153884262816
(11026 11004) 0.37551913389777525
(11026 11005) 0.5748228076606489
(11026 11006) 1.3914354337705692
(11026 11007) 0.4149068969222407
(11026 11008) 0.15864192200950908
