!n: Number of areas
n: 81
!I: Set if areas
I: [12001 12002 12003 12004 12005 12006 12007 12008 12009 12010 12011 12012 12013 12014 12015 12016 12017 12018 12019 12020 12021 12022 12023 12024 12025 12026 12027 12028 12029 12030 12031 12032 12033 12034 12035 12036 12037 12038 12039 12040 12041 12042 12043 12044 12045 12046 12047 12048 12049 12050 12051 12052 12053 12054 12055 12056 12057 12058 12059 12060 12061 12062 12063 12064 12065 12066 12067 12068 12069 12070 12071 12072 12073 12074 12075 12076 12077 12078 12079 12080 12081 ]
!p: Number of regions
p: 10
!K: Set of regions
K: [1 2 3 4 5 6 7 8 9 10 ]
!N: Node Neighbor Set
N: [
(12001) [12021 12029 12039 12053]
(12002) [12010 12019 12024 12028 12045 12066 12074]
(12003) [12007 12022 12050 12054 12057 12067]
(12004) [12043 12062 12065 12066 12069]
(12005) [12033 12065 12066]
(12006) [12007 12026 12032 12054 12058]
(12007) [12003 12006 12031 12054 12058 12064 12067]
(12008) [12019 12034]
(12009) [12020 12041 12043 12069]
(12010) [12002 12020 12024 12028 12066 12072 12076 12079]
(12011) [12014 12021 12032 12054 12057]
(12012) [12025 12030 12051 12052 12056 12076]
(12013) [12023 12036 12046 12052 12077 12080]
(12014) [12011 12021 12057]
(12015) [12034 12035 12055]
(12016) [12022 12038 12068 12073]
(12017) [12026 12035 12058 12059 12075]
(12018) [12025 12030 12052 12077]
(12019) [12002 12008 12034 12042 12045 12074]
(12020) [12009 12010 12041 12063 12066 12069 12072]
(12021) [12001 12011 12014 12029 12032]
(12022) [12003 12016 12038 12048 12050 12057 12073]
(12023) [12013 12046 12077 12080]
(12024) [12002 12010 12033 12045 12066]
(12025) [12012 12018 12030 12052]
(12026) [12006 12017 12032 12058 12075]
(12027) [12050 12064]
(12028) [12002 12010 12042 12044 12051 12061 12074 12076 12079]
(12029) [12001 12021 12032 12039 12040 12044 12061 12075]
(12030) [12012 12018 12025 12053 12056]
(12031) [12007 12058]
(12032) [12006 12011 12021 12026 12029 12040 12054 12075]
(12033) [12005 12024 12045 12066 12070]
(12034) [12008 12015 12019 12035 12042 12059]
(12035) [12015 12017 12034 12055 12058 12059]
(12036) [12013 12043 12046 12052 12062]
(12037) [12047 12055 12058]
(12038) [12016 12022 12048 12068]
(12039) [12001 12029 12044 12051 12053 12056]
(12040) [12029 12032 12075]
(12041) [12009 12020 12043 12052 12063 12081]
(12042) [12019 12028 12034 12059 12061 12074 12075]
(12043) [12004 12009 12036 12041 12052 12062 12069 12078 12081]
(12044) [12028 12029 12039 12051 12061]
(12045) [12002 12019 12024 12033 12070]
(12046) [12013 12023 12036 12062 12071]
(12047) [12037 12055 12058 12060]
(12048) [12022 12038 12057]
(12049) [12055 12060]
(12050) [12003 12022 12027 12064 12067]
(12051) [12012 12028 12039 12044 12056 12076]
(12052) [12012 12013 12018 12025 12036 12041 12043 12063 12076 12077 12081]
(12053) [12001 12030 12039 12056]
(12054) [12003 12006 12007 12011 12032 12057]
(12055) [12015 12035 12037 12047 12049 12058 12060]
(12056) [12012 12030 12039 12051 12053]
(12057) [12003 12011 12014 12022 12048 12054]
(12058) [12006 12007 12017 12026 12031 12035 12037 12047 12055]
(12059) [12017 12034 12035 12042 12075]
(12060) [12047 12049 12055]
(12061) [12028 12029 12042 12044 12074 12075]
(12062) [12004 12036 12043 12046 12071 12078]
(12063) [12020 12041 12052 12072 12076]
(12064) [12007 12027 12050 12067]
(12065) [12004 12005 12066]
(12066) [12002 12004 12005 12010 12020 12024 12033 12065 12069]
(12067) [12003 12007 12050 12064]
(12068) [12016 12038]
(12069) [12004 12009 12020 12043 12066]
(12070) [12033 12045]
(12071) [12046 12062]
(12072) [12010 12020 12063 12076]
(12073) [12016 12022]
(12074) [12002 12019 12028 12042 12061]
(12075) [12017 12026 12029 12032 12040 12042 12059 12061]
(12076) [12010 12012 12028 12051 12052 12063 12072]
(12077) [12013 12018 12023 12052 12080]
(12078) [12043 12062]
(12079) [12010 12028]
(12080) [12013 12023 12077]
(12081) [12041 12043 12052]
]
!d(i,j): distance list
d: [
(12001 12001) 0.0
(12001 12002) 0.7295531706526259
(12001 12003) 0.5186284969494744
(12001 12004) 0.566008809465352
(12001 12005) 0.5440975583175607
(12001 12006) 0.6780888856224166
(12001 12007) 0.45665893735870594
(12001 12008) 0.5502411814760843
(12001 12009) 1.1525863750523095
(12001 12010) 0.867509840607311
(12001 12011) 0.5643019609818581
(12001 12012) 0.448574845296993
(12001 12013) 0.5947696738573023
(12001 12014) 0.5583345622077872
(12001 12015) 0.7787243879498454
(12001 12016) 0.8442391495154423
(12001 12017) 0.7537774625778842
(12001 12018) 0.935881778769886
(12001 12019) 1.237506243137606
(12001 12020) 0.32166156679718544
(12001 12021) 0.45802249763122704
(12001 12022) 0.5069507693993635
(12001 12023) 0.48732303622129985
(12001 12024) 0.8097869223013117
(12001 12025) 0.6715999190610974
(12001 12026) 0.6217131425047235
(12001 12027) 0.9004046071222516
(12001 12028) 0.422156278447838
(12001 12029) 0.9372787766044599
(12001 12030) 0.5540518881096245
(12001 12031) 0.8640411462343259
(12001 12032) 0.49131377493123407
(12001 12033) 0.7560562254432025
(12001 12034) 0.43693752165230804
(12001 12035) 0.3877967707000052
(12001 12036) 0.9629877126811133
(12001 12037) 0.7489182415681553
(12001 12038) 0.6509677117773076
(12001 12039) 0.5760870112270204
(12001 12040) 0.7853949411193232
(12001 12041) 0.7411333364790298
(12001 12042) 0.8026779165250622
(12001 12043) 0.6303192100168863
(12001 12044) 0.6673537304246491
(12001 12045) 0.7697128173975953
(12001 12046) 0.5148673460601794
(12001 12047) 0.6173246046848626
(12001 12048) 0.42792661411890115
(12001 12049) 0.5998696715049207
(12001 12050) 0.5681441650319025
(12001 12051) 0.5607126239632004
(12001 12052) 0.5086475526634296
(12001 12053) 0.3908324977881341
(12001 12054) 0.5422638854634931
(12001 12055) 0.3789384461889194
(12001 12056) 0.9408851234384612
(12001 12057) 0.3558442263428584
(12001 12058) 0.7354337567975834
(12001 12059) 0.5552204000896119
(12001 12060) 0.6223503232861891
(12001 12061) 0.6351387496010534
(12001 12062) 1.0372593373799746
(12001 12063) 0.7942083189998351
(12001 12064) 0.5546966498878516
(12001 12065) 0.7871336811965318
(12001 12066) 0.5561368389656497
(12001 12067) 0.5245464419019527
(12001 12068) 0.7267136093991288
(12001 12069) 0.929027526048364
(12001 12070) 0.5624455405879999
(12001 12071) 0.6300819151970966
(12001 12072) 0.7403494203757811
(12001 12073) 0.6612182029659113
(12001 12074) 1.341273929123609
(12001 12075) 1.7998553130097568
(12001 12076) 0.7303951180745217
(12001 12077) 1.0700106045291429
(12001 12078) 0.9962967999655464
(12001 12079) 0.6398882690481357
(12001 12080) 0.8883427816151014
(12001 12081) 0.7712321374574499
(12002 12001) 0.7295531706526259
(12002 12002) 0.0
(12002 12003) 0.6040029683057222
(12002 12004) 0.8678215297034763
(12002 12005) 0.8092954052559901
(12002 12006) 0.8513428323881479
(12002 12007) 0.7237511381779063
(12002 12008) 0.8506413832796109
(12002 12009) 1.2791427412641152
(12002 12010) 1.0478699835994358
(12002 12011) 0.657370292317823
(12002 12012) 0.7036801597199207
(12002 12013) 0.9083923820198011
(12002 12014) 0.8202840757465761
(12002 12015) 0.9499069473338828
(12002 12016) 0.9695734229741474
(12002 12017) 0.8621222153869045
(12002 12018) 0.8093551966594732
(12002 12019) 1.3210704679919767
(12002 12020) 0.6848476511528886
(12002 12021) 0.7825695068249161
(12002 12022) 0.7955655763527003
(12002 12023) 0.6902735267634219
(12002 12024) 0.9356999277473431
(12002 12025) 0.9114977503816601
(12002 12026) 0.960317629730826
(12002 12027) 1.1474985895608887
(12002 12028) 0.6730977433191557
(12002 12029) 0.9965351119110818
(12002 12030) 0.6484016462672644
(12002 12031) 1.0130681101957617
(12002 12032) 0.7642001770633098
(12002 12033) 0.805468923934253
(12002 12034) 0.7229019278282177
(12002 12035) 0.7807898635330691
(12002 12036) 1.128684323467064
(12002 12037) 0.9384153070248291
(12002 12038) 1.0023177264594425
(12002 12039) 0.7616176842069698
(12002 12040) 0.8834943859379476
(12002 12041) 0.9878113860012379
(12002 12042) 0.9408754147629287
(12002 12043) 0.9587176977492324
(12002 12044) 1.0028003513166996
(12002 12045) 1.163146485152499
(12002 12046) 0.819740552852519
(12002 12047) 0.9075501970473541
(12002 12048) 0.7983411357658243
(12002 12049) 0.8792244667966236
(12002 12050) 0.8198652003276667
(12002 12051) 0.8204140552928456
(12002 12052) 0.800527022122977
(12002 12053) 0.6954197783617382
(12002 12054) 0.8894280947547364
(12002 12055) 0.7447628498055491
(12002 12056) 1.3128694397577731
(12002 12057) 0.7259244506930475
(12002 12058) 0.8647022015454543
(12002 12059) 0.8700254068578731
(12002 12060) 0.9020929829491969
(12002 12061) 0.6620552656182048
(12002 12062) 1.120097430512071
(12002 12063) 1.0579973103934082
(12002 12064) 0.8613310225152654
(12002 12065) 0.9836498933652806
(12002 12066) 0.7503292341714672
(12002 12067) 0.8149512638766037
(12002 12068) 0.9657779214101962
(12002 12069) 1.0675156547930185
(12002 12070) 0.8955022647041345
(12002 12071) 0.943291077040194
(12002 12072) 0.9715456699468481
(12002 12073) 0.7265924426312322
(12002 12074) 1.4115613608268696
(12002 12075) 1.8022075916365807
(12002 12076) 0.9806294361711221
(12002 12077) 1.3265009426845134
(12002 12078) 1.173920232354713
(12002 12079) 0.793690097551604
(12002 12080) 1.0522440959719344
(12002 12081) 1.0772462222759933
(12003 12001) 0.5186284969494744
(12003 12002) 0.6040029683057222
(12003 12003) 0.0
(12003 12004) 0.6333187072005152
(12003 12005) 0.3911228560851981
(12003 12006) 0.6363620094180978
(12003 12007) 0.6149106693406581
(12003 12008) 0.43687942965634646
(12003 12009) 0.9661755511328111
(12003 12010) 0.9202483042874285
(12003 12011) 0.5774941448477213
(12003 12012) 0.6301169190559954
(12003 12013) 0.39562204767818565
(12003 12014) 0.4572104601845869
(12003 12015) 0.6183841014626639
(12003 12016) 0.8007768819615058
(12003 12017) 0.9798139199347762
(12003 12018) 0.7352902516435383
(12003 12019) 1.0514650409012547
(12003 12020) 0.44264045338753927
(12003 12021) 0.7216083453070675
(12003 12022) 0.39536848828596377
(12003 12023) 0.5120286202488076
(12003 12024) 0.5293122374191075
(12003 12025) 0.4875290575661547
(12003 12026) 0.44781722896822046
(12003 12027) 0.9333210914532214
(12003 12028) 0.6319260609137257
(12003 12029) 1.0731486526502356
(12003 12030) 0.6824765069548497
(12003 12031) 0.646313005305576
(12003 12032) 0.7032312237509717
(12003 12033) 0.6737479986592256
(12003 12034) 0.6934250988927463
(12003 12035) 0.7454252438756326
(12003 12036) 1.2027457505907884
(12003 12037) 0.5290427505152042
(12003 12038) 0.9079591555016341
(12003 12039) 0.7025472307564332
(12003 12040) 0.700652025953603
(12003 12041) 0.7518357639566254
(12003 12042) 0.6125807418693231
(12003 12043) 0.7571380644629504
(12003 12044) 0.500734376474364
(12003 12045) 0.8213794253428512
(12003 12046) 0.8101665902843813
(12003 12047) 0.5222042346216528
(12003 12048) 0.4870962707774045
(12003 12049) 0.3647757137618391
(12003 12050) 0.7872698444997843
(12003 12051) 0.5446713098294194
(12003 12052) 0.5413405040730266
(12003 12053) 0.4901105412736915
(12003 12054) 0.43144628842727634
(12003 12055) 0.6012453668412933
(12003 12056) 0.8755888375023267
(12003 12057) 0.5254716812204564
(12003 12058) 0.715866399863716
(12003 12059) 0.3724231700762452
(12003 12060) 0.43272115874338735
(12003 12061) 0.2647616109051575
(12003 12062) 1.0339388012030455
(12003 12063) 0.6437679164199502
(12003 12064) 0.3088786891193681
(12003 12065) 0.7008494896938091
(12003 12066) 0.7182715741357578
(12003 12067) 0.28851406672638497
(12003 12068) 0.96689931220616
(12003 12069) 0.7492413700938817
(12003 12070) 0.37590993790797755
(12003 12071) 0.45560974290201
(12003 12072) 0.6772001603675495
(12003 12073) 0.44264084976032647
(12003 12074) 1.1586189334460995
(12003 12075) 1.8006203759483004
(12003 12076) 0.7355908129469957
(12003 12077) 1.299113716209041
(12003 12078) 0.859888446072832
(12003 12079) 0.5901356307967127
(12003 12080) 0.7168852679299303
(12003 12081) 0.8516700773964232
(12004 12001) 0.566008809465352
(12004 12002) 0.8678215297034763
(12004 12003) 0.6333187072005152
(12004 12004) 0.0
(12004 12005) 0.3634702021918411
(12004 12006) 0.2376866154191093
(12004 12007) 0.44648354152179826
(12004 12008) 0.38786414255763557
(12004 12009) 1.0114283872834204
(12004 12010) 0.49228312930637846
(12004 12011) 0.35498930156555003
(12004 12012) 0.35388126643218687
(12004 12013) 0.48168894703888115
(12004 12014) 0.4759226347099375
(12004 12015) 0.8095746010417396
(12004 12016) 0.3169675341916864
(12004 12017) 0.7956613760676077
(12004 12018) 0.8433428765849708
(12004 12019) 1.2204901120198606
(12004 12020) 0.5317492742210357
(12004 12021) 0.33724528975421014
(12004 12022) 0.5596855831082072
(12004 12023) 0.4006990525527422
(12004 12024) 0.5539771716056674
(12004 12025) 0.275075691366916
(12004 12026) 0.3993741946418493
(12004 12027) 0.8684546331503569
(12004 12028) 0.530197491728321
(12004 12029) 1.2180287992518066
(12004 12030) 0.7404004579966098
(12004 12031) 0.6726619406338967
(12004 12032) 0.301343354632887
(12004 12033) 0.63648121912723
(12004 12034) 0.5450015861731955
(12004 12035) 0.7769512879768882
(12004 12036) 1.0868742362820643
(12004 12037) 0.7375153882729033
(12004 12038) 0.9384178959287998
(12004 12039) 0.5767412731086025
(12004 12040) 0.8200376206848649
(12004 12041) 0.6587399450474855
(12004 12042) 0.7968835032811595
(12004 12043) 0.28083682402615384
(12004 12044) 0.3790520916774012
(12004 12045) 1.1035401147495116
(12004 12046) 0.47723826790121393
(12004 12047) 0.35733225479306197
(12004 12048) 0.3333827184826252
(12004 12049) 0.6464975605767314
(12004 12050) 0.6916184624997992
(12004 12051) 0.22297554534089417
(12004 12052) 0.26093810262974837
(12004 12053) 0.3456919863589496
(12004 12054) 0.3534624070323496
(12004 12055) 0.49946454687756053
(12004 12056) 1.0487810327936626
(12004 12057) 0.49881520370426635
(12004 12058) 0.9264924465194563
(12004 12059) 0.4557429610457981
(12004 12060) 0.5550969156393605
(12004 12061) 0.5212146447227209
(12004 12062) 0.6886791800146058
(12004 12063) 0.38620944717351674
(12004 12064) 0.63478653213033
(12004 12065) 0.3883734047724389
(12004 12066) 0.7836222435236543
(12004 12067) 0.7048094590143634
(12004 12068) 0.44273362189039145
(12004 12069) 0.5210286542220457
(12004 12070) 0.37267360516943626
(12004 12071) 0.3878621899551278
(12004 12072) 0.3446034728902471
(12004 12073) 0.36856940911680336
(12004 12074) 1.3086997142731185
(12004 12075) 1.800820487630244
(12004 12076) 0.3951890524549482
(12004 12077) 1.1779414326909625
(12004 12078) 0.6133384980718314
(12004 12079) 0.7440083178806546
(12004 12080) 0.9040457708289661
(12004 12081) 0.5865097526172103
(12005 12001) 0.5440975583175607
(12005 12002) 0.8092954052559901
(12005 12003) 0.3911228560851981
(12005 12004) 0.3634702021918411
(12005 12005) 0.0
(12005 12006) 0.4422737353614842
(12005 12007) 0.43632872513406507
(12005 12008) 0.13229801916849565
(12005 12009) 0.797536151643497
(12005 12010) 0.6842739635057898
(12005 12011) 0.46319302654022876
(12005 12012) 0.4606575984115161
(12005 12013) 0.38412102398998105
(12005 12014) 0.2860277521626276
(12005 12015) 0.6014853820839582
(12005 12016) 0.5986535886585992
(12005 12017) 0.9242007418012657
(12005 12018) 0.9978277185815011
(12005 12019) 1.0114886535949372
(12005 12020) 0.4139510267897093
(12005 12021) 0.4546016483518234
(12005 12022) 0.49167065102738466
(12005 12023) 0.38032972800014414
(12005 12024) 0.30257604565205853
(12005 12025) 0.182370836091354
(12005 12026) 0.2868073257169868
(12005 12027) 0.9939990784625417
(12005 12028) 0.509977622858541
(12005 12029) 1.2030629262629047
(12005 12030) 0.7522662745655591
(12005 12031) 0.4507219286324615
(12005 12032) 0.460808726158243
(12005 12033) 0.6383207186680241
(12005 12034) 0.49962561818605633
(12005 12035) 0.8000380734951357
(12005 12036) 1.0605601080282965
(12005 12037) 0.5449136703100477
(12005 12038) 0.9492372218948665
(12005 12039) 0.5709290306066899
(12005 12040) 0.5869222756630126
(12005 12041) 0.6112368129549739
(12005 12042) 0.5875055173456147
(12005 12043) 0.49068864070131524
(12005 12044) 0.2546478623923376
(12005 12045) 0.8265471504710766
(12005 12046) 0.5871002661949165
(12005 12047) 0.3016653366314086
(12005 12048) 0.34586690749893195
(12005 12049) 0.3386485244039076
(12005 12050) 0.6479693428131001
(12005 12051) 0.2735035731492824
(12005 12052) 0.35261976972184705
(12005 12053) 0.3476912768157898
(12005 12054) 0.2818249879685145
(12005 12055) 0.4118623926503809
(12005 12056) 0.8596552549688143
(12005 12057) 0.4823869631946078
(12005 12058) 0.6956029495623126
(12005 12059) 0.23991062882266914
(12005 12060) 0.3026482975413129
(12005 12061) 0.3244203665649585
(12005 12062) 0.8337738917537638
(12005 12063) 0.351424299803636
(12005 12064) 0.32547789577291997
(12005 12065) 0.4760717891231248
(12005 12066) 0.7463244325404872
(12005 12067) 0.4257228819766393
(12005 12068) 0.6621745349410516
(12005 12069) 0.4568977534775672
(12005 12070) 0.1875549143964144
(12005 12071) 0.2357551278249657
(12005 12072) 0.4792016423143207
(12005 12073) 0.4334774258408759
(12005 12074) 1.094807478633195
(12005 12075) 1.804735302495717
(12005 12076) 0.5613994303470053
(12005 12077) 1.3061121464337253
(12005 12078) 0.6239141052911931
(12005 12079) 0.49801308467784233
(12005 12080) 0.7026200565953231
(12005 12081) 0.6475292258031318
(12006 12001) 0.6780888856224166
(12006 12002) 0.8513428323881479
(12006 12003) 0.6363620094180978
(12006 12004) 0.2376866154191093
(12006 12005) 0.4422737353614842
(12006 12006) 0.0
(12006 12007) 0.37983912697019856
(12006 12008) 0.4451233834442221
(12006 12009) 1.0082276174805214
(12006 12010) 0.5176088364407193
(12006 12011) 0.3585230714542482
(12006 12012) 0.4209169705381718
(12006 12013) 0.5994356905966655
(12006 12014) 0.5351783419464164
(12006 12015) 0.7766505035630682
(12006 12016) 0.39089229730808805
(12006 12017) 0.8529113203962388
(12006 12018) 0.9107005952172267
(12006 12019) 1.2057872309036037
(12006 12020) 0.638266607204164
(12006 12021) 0.399250258610787
(12006 12022) 0.5404794880334169
(12006 12023) 0.3547904651306714
(12006 12024) 0.42059408517892216
(12006 12025) 0.3088297770476204
(12006 12026) 0.4551955301012443
(12006 12027) 1.0067458887729752
(12006 12028) 0.5214964807961223
(12006 12029) 1.2074901151581838
(12006 12030) 0.7255573144400177
(12006 12031) 0.5697515879965187
(12006 12032) 0.2720269686247643
(12006 12033) 0.5820059891811387
(12006 12034) 0.4837364512002835
(12006 12035) 0.7903395079447321
(12006 12036) 1.0880418168032913
(12006 12037) 0.6525957927748642
(12006 12038) 1.0769055140207198
(12006 12039) 0.5705396382761565
(12006 12040) 0.8134054178190654
(12006 12041) 0.7379578210797505
(12006 12042) 0.8013321109522712
(12006 12043) 0.35417052218034767
(12006 12044) 0.4469766420651543
(12006 12045) 1.1371585535997104
(12006 12046) 0.4061218443857454
(12006 12047) 0.3668393534479676
(12006 12048) 0.35305837450824945
(12006 12049) 0.7213721576481278
(12006 12050) 0.6665929600389067
(12006 12051) 0.1836114654734741
(12006 12052) 0.3229599872393135
(12006 12053) 0.3581724594438282
(12006 12054) 0.3417594029817389
(12006 12055) 0.47601609900960373
(12006 12056) 1.0813627718226522
(12006 12057) 0.5265006852787348
(12006 12058) 0.9138381147197411
(12006 12059) 0.5134143075922006
(12006 12060) 0.6251070276343533
(12006 12061) 0.523526877081586
(12006 12062) 0.5583698090859983
(12006 12063) 0.4548604314651571
(12006 12064) 0.5992039253024906
(12006 12065) 0.33546685959404315
(12006 12066) 0.7310109439872979
(12006 12067) 0.7021378148679115
(12006 12068) 0.5736294190730187
(12006 12069) 0.5278379837630249
(12006 12070) 0.4134530255092291
(12006 12071) 0.433379636215416
(12006 12072) 0.27982977524683594
(12006 12073) 0.3550559486619326
(12006 12074) 1.3054989444702192
(12006 12075) 1.8006203759483004
(12006 12076) 0.3650303972607825
(12006 12077) 1.2123919383661992
(12006 12078) 0.5765700282394866
(12006 12079) 0.7089187316403265
(12006 12080) 0.8849759692192767
(12006 12081) 0.7363566481447443
(12007 12001) 0.45665893735870594
(12007 12002) 0.7237511381779063
(12007 12003) 0.6149106693406581
(12007 12004) 0.44648354152179826
(12007 12005) 0.43632872513406507
(12007 12006) 0.37983912697019856
(12007 12007) 0.0
(12007 12008) 0.4267991180530683
(12007 12009) 1.0984493396551378
(12007 12010) 0.6573767401375367
(12007 12011) 0.3948893547366682
(12007 12012) 0.2072286177578284
(12007 12013) 0.7016293046090507
(12007 12014) 0.5564794038531968
(12007 12015) 0.833604160593481
(12007 12016) 0.5370290871907434
(12007 12017) 0.8187875990855648
(12007 12018) 0.9154810402062621
(12007 12019) 1.29600895307822
(12007 12020) 0.4937475657631884
(12007 12021) 0.2808578104598899
(12007 12022) 0.500244141574617
(12007 12023) 0.26173737732986124
(12007 12024) 0.45047963516723033
(12007 12025) 0.4762761098322552
(12007 12026) 0.4864522610760526
(12007 12027) 1.027111380365
(12007 12028) 0.36112485253921733
(12007 12029) 1.039411214709116
(12007 12030) 0.5440115498196647
(12007 12031) 0.6173627468003073
(12007 12032) 0.30446144895825633
(12007 12033) 0.4640095055122094
(12007 12034) 0.2235848433831404
(12007 12035) 0.6137629013506408
(12007 12036) 0.9567202106834676
(12007 12037) 0.6645144662001068
(12007 12038) 0.8852692006646905
(12007 12039) 0.34931331748646216
(12007 12040) 0.8398416786405498
(12007 12041) 0.6703465108144524
(12007 12042) 0.8588670188355911
(12007 12043) 0.5373797095675543
(12007 12044) 0.5532783964597195
(12007 12045) 0.9183153593449309
(12007 12046) 0.2903125846105198
(12007 12047) 0.3752635783713758
(12007 12048) 0.3154178119307059
(12007 12049) 0.7408913978125677
(12007 12050) 0.38393195040189726
(12007 12051) 0.34589185183159465
(12007 12052) 0.28931497198447664
(12007 12053) 0.1992627604603314
(12007 12054) 0.3458450852540151
(12007 12055) 0.32413685518625823
(12007 12056) 0.9784377292363922
(12007 12057) 0.3818221977577972
(12007 12058) 0.8107772347150053
(12007 12059) 0.5632586792168859
(12007 12060) 0.6469928543037639
(12007 12061) 0.5043644701183082
(12007 12062) 0.7577786212559772
(12007 12063) 0.6366593222117302
(12007 12064) 0.5993741859165443
(12007 12065) 0.5774239588615843
(12007 12066) 0.4722433433026184
(12007 12067) 0.6479164669382134
(12007 12068) 0.5380301807645342
(12007 12069) 0.7309137181209553
(12007 12070) 0.4384538897166344
(12007 12071) 0.407919648931396
(12007 12072) 0.526620114414603
(12007 12073) 0.39454974905905327
(12007 12074) 1.3957206666448359
(12007 12075) 1.801242417016094
(12007 12076) 0.45126856831465084
(12007 12077) 1.0333202192968158
(12007 12078) 0.8627629261340006
(12007 12079) 0.6745294527453374
(12007 12080) 0.9678032030273531
(12007 12081) 0.6646414316473359
(12008 12001) 0.5502411814760843
(12008 12002) 0.8506413832796109
(12008 12003) 0.43687942965634646
(12008 12004) 0.38786414255763557
(12008 12005) 0.13229801916849565
(12008 12006) 0.4451233834442221
(12008 12007) 0.4267991180530683
(12008 12008) 0.0
(12008 12009) 0.8281338688892212
(12008 12010) 0.6973124139510155
(12008 12011) 0.48148144867391546
(12008 12012) 0.46448041878078017
(12008 12013) 0.31904175147245795
(12008 12014) 0.3122430781869941
(12008 12015) 0.6556487395241718
(12008 12016) 0.5732226340053322
(12008 12017) 0.926477265643754
(12008 12018) 1.002015488725478
(12008 12019) 1.0610987415565405
(12008 12020) 0.454163755699265
(12008 12021) 0.4532372724656946
(12008 12022) 0.4345431874285783
(12008 12023) 0.3628982909665179
(12008 12024) 0.37699653899314745
(12008 12025) 0.19214672389820486
(12008 12026) 0.18182179563062453
(12008 12027) 0.9558235372776891
(12008 12028) 0.5246688024391384
(12008 12029) 1.220830310780511
(12008 12030) 0.7505089039727093
(12008 12031) 0.4574343465762573
(12008 12032) 0.4559522989245818
(12008 12033) 0.6359521205492769
(12008 12034) 0.5096542883279229
(12008 12035) 0.8111810110775501
(12008 12036) 1.0478317247427271
(12008 12037) 0.5755127934792986
(12008 12038) 0.8724617819666217
(12008 12039) 0.56118583682172
(12008 12040) 0.630582413255653
(12008 12041) 0.5131382782873928
(12008 12042) 0.6448582388202647
(12008 12043) 0.47053646345438344
(12008 12044) 0.21664472250800468
(12008 12045) 0.8461773871852455
(12008 12046) 0.5764863382147568
(12008 12047) 0.2511035621917931
(12008 12048) 0.29277574289424485
(12008 12049) 0.451913863485785
(12008 12050) 0.6517209695675832
(12008 12051) 0.27519603708006185
(12008 12052) 0.35830584741567273
(12008 12053) 0.3053002889386521
(12008 12054) 0.23681174059902818
(12008 12055) 0.42745033647790587
(12008 12056) 0.7868130974795149
(12008 12057) 0.48722378852944465
(12008 12058) 0.7325254401918858
(12008 12059) 0.2812393647368218
(12008 12060) 0.3257230400300255
(12008 12061) 0.3515850910566373
(12008 12062) 0.847235697090339
(12008 12063) 0.395060467494586
(12008 12064) 0.3146222601991012
(12008 12065) 0.4745261337717863
(12008 12066) 0.7203534105365822
(12008 12067) 0.3992377014639029
(12008 12068) 0.6628061329949418
(12008 12069) 0.5005339211685174
(12008 12070) 0.1426199823777116
(12008 12071) 0.24823924877596915
(12008 12072) 0.46835479345761777
(12008 12073) 0.46626492900290367
(12008 12074) 1.1341164910622556
(12008 12075) 1.8058009789713247
(12008 12076) 0.5505525814903025
(12008 12077) 1.2836359252415586
(12008 12078) 0.704120353990541
(12008 12079) 0.5065812251326329
(12008 12080) 0.7637759111585614
(12008 12081) 0.5664289950186981
(12009 12001) 1.1525863750523095
(12009 12002) 1.2791427412641152
(12009 12003) 0.9661755511328111
(12009 12004) 1.0114283872834204
(12009 12005) 0.797536151643497
(12009 12006) 1.0082276174805214
(12009 12007) 1.0984493396551378
(12009 12008) 0.8281338688892212
(12009 12009) 0.0
(12009 12010) 1.175276807569064
(12009 12011) 0.9938284775286684
(12009 12012) 1.118116671964522
(12009 12013) 0.8053609503502893
(12009 12014) 0.6679217044668363
(12009 12015) 0.4058346839546191
(12009 12016) 1.1315806035183074
(12009 12017) 1.3501653883900984
(12009 12018) 1.423350353015904
(12009 12019) 0.37467040906967203
(12009 12020) 1.0372321255302042
(12009 12021) 1.091738833755007
(12009 12022) 1.02940985598905
(12009 12023) 0.9764353387933637
(12009 12024) 0.8056526929109423
(12009 12025) 0.8048817607400192
(12009 12026) 0.8727856617982187
(12009 12027) 1.4523771896767605
(12009 12028) 1.0181675788453752
(12009 12029) 1.5350630968164614
(12009 12030) 1.2123518751439712
(12009 12031) 0.6532494811472116
(12009 12032) 1.0424095443806973
(12009 12033) 1.102905399575967
(12009 12034) 1.1047765947777897
(12009 12035) 1.1649246539872602
(12009 12036) 1.2684790161605262
(12009 12037) 0.6084371044187346
(12009 12038) 1.5075854233981008
(12009 12039) 1.2125898602416576
(12009 12040) 0.4575494732925609
(12009 12041) 1.0977247544152298
(12009 12042) 0.3936002255427122
(12009 12043) 1.0872060134781383
(12009 12044) 0.7710721491542644
(12009 12045) 1.2075136174303107
(12009 12046) 1.1768050608377214
(12009 12047) 0.9533207558699602
(12009 12048) 1.0414305671405226
(12009 12049) 0.807708492731446
(12009 12050) 1.2607356805839576
(12009 12051) 0.989357640245156
(12009 12052) 1.0249265882542316
(12009 12053) 1.0741846433410425
(12009 12054) 0.9386928590258359
(12009 12055) 0.9504808267470404
(12009 12056) 1.4210181465971568
(12009 12057) 0.9905528233343799
(12009 12058) 0.5566604174359472
(12009 12059) 0.7303668469841542
(12009 12060) 0.5464763451429546
(12009 12061) 0.819463446657957
(12009 12062) 1.1122840842424437
(12009 12063) 0.6791018206280033
(12009 12064) 0.8346225372611378
(12009 12065) 0.9540320598949483
(12009 12066) 1.2198401721792551
(12009 12067) 0.9199658197404781
(12009 12068) 1.2655954721116651
(12009 12069) 0.4972235616856259
(12009 12070) 0.8141331422379611
(12009 12071) 0.8081907464886766
(12009 12072) 0.9710302485039818
(12009 12073) 1.1032547169542126
(12009 12074) 0.4569321302104478
(12009 12075) 1.878497122614047
(12009 12076) 1.165497617185884
(12009 12077) 1.8210533719539879
(12009 12078) 0.885825468636924
(12009 12079) 0.5833659951399232
(12009 12080) 0.2954768718233459
(12009 12081) 1.2252415527717682
(12010 12001) 0.867509840607311
(12010 12002) 1.0478699835994358
(12010 12003) 0.9202483042874285
(12010 12004) 0.49228312930637846
(12010 12005) 0.6842739635057898
(12010 12006) 0.5176088364407193
(12010 12007) 0.6573767401375367
(12010 12008) 0.6973124139510155
(12010 12009) 1.175276807569064
(12010 12010) 0.0
(12010 12011) 0.6636156353137789
(12010 12012) 0.5716692711849262
(12010 12013) 0.9070414959666183
(12010 12014) 0.8577730723849515
(12010 12015) 1.0121529963707485
(12010 12016) 0.5564056672034109
(12010 12017) 1.0923358780827557
(12010 12018) 1.0900386120616885
(12010 12019) 1.4453031282185373
(12010 12020) 0.860867835742552
(12010 12021) 0.6807930779067255
(12010 12022) 0.8196463411128119
(12010 12023) 0.7316735230648996
(12010 12024) 0.77608124789383
(12010 12025) 0.5284177982020124
(12010 12026) 0.6196417244873267
(12010 12027) 1.1773951584679567
(12010 12028) 0.8020001735944314
(12010 12029) 1.3327167149691739
(12010 12030) 0.9288677674556978
(12010 12031) 0.8460890599807483
(12010 12032) 0.6860820088028858
(12010 12033) 0.7357785129600016
(12010 12034) 0.7345634791285369
(12010 12035) 1.0258557111289401
(12010 12036) 1.1850017274643543
(12010 12037) 0.9328448303257516
(12010 12038) 1.110494558947046
(12010 12039) 0.7014863441770757
(12010 12040) 1.1003465722012036
(12010 12041) 0.7837643581267658
(12010 12042) 1.005364583195061
(12010 12043) 0.37842837589162126
(12010 12044) 0.6589223070111345
(12010 12045) 1.433290625697848
(12010 12046) 0.5710592221539257
(12010 12047) 0.6489142239580356
(12010 12048) 0.6960324006819488
(12010 12049) 0.9197234877643538
(12010 12050) 0.8091779319852958
(12010 12051) 0.4743100402907251
(12010 12052) 0.5771904126072738
(12010 12053) 0.6517153452621159
(12010 12054) 0.6446194718539165
(12010 12055) 0.7758483387058127
(12010 12056) 1.3849822673352086
(12010 12057) 0.8541537540779807
(12010 12058) 1.1996460711154264
(12010 12059) 0.7898964249017528
(12010 12060) 0.8395979597375837
(12010 12061) 0.766875402527758
(12010 12062) 0.2927137501720749
(12010 12063) 0.5223980952435126
(12010 12064) 0.9338165001215873
(12010 12065) 0.2559666331306892
(12010 12066) 0.8990351879828574
(12010 12067) 0.9664504647637467
(12010 12068) 0.7179143825584803
(12010 12069) 0.6780532458834383
(12010 12070) 0.6384748042773966
(12010 12071) 0.6250956084796963
(12010 12072) 0.28236569100148584
(12010 12073) 0.5370772086886444
(12010 12074) 1.531201875036206
(12010 12075) 1.834125553577896
(12010 12076) 0.3264341013540001
(12010 12077) 1.4611900942446052
(12010 12078) 0.38007762778117093
(12010 12079) 1.0066161787754087
(12010 12080) 1.1255261193040857
(12010 12081) 0.6710461523790655
(12011 12001) 0.5643019609818581
(12011 12002) 0.657370292317823
(12011 12003) 0.5774941448477213
(12011 12004) 0.35498930156555003
(12011 12005) 0.46319302654022876
(12011 12006) 0.3585230714542482
(12011 12007) 0.3948893547366682
(12011 12008) 0.48148144867391546
(12011 12009) 0.9938284775286684
(12011 12010) 0.6636156353137789
(12011 12011) 0.0
(12011 12012) 0.2708813537908272
(12011 12013) 0.7277872269676754
(12011 12014) 0.5698541858203037
(12011 12015) 0.804678228777453
(12011 12016) 0.5880473544328141
(12011 12017) 0.8836264936922164
(12011 12018) 0.8740285720305027
(12011 12019) 1.188861062007746
(12011 12020) 0.500335373434818
(12011 12021) 0.4425202785686573
(12011 12022) 0.6077579964065019
(12011 12023) 0.27890853194805776
(12011 12024) 0.5366704276293709
(12011 12025) 0.43852265827512055
(12011 12026) 0.5291195178020981
(12011 12027) 1.1426294136671826
(12011 12028) 0.2554423110166549
(12011 12029) 0.9119804905069451
(12011 12030) 0.5486146345153732
(12011 12031) 0.6580850652842323
(12011 12032) 0.3503325581282773
(12011 12033) 0.5042760334921363
(12011 12034) 0.44893097472977267
(12011 12035) 0.575172109522697
(12011 12036) 1.0050786475871536
(12011 12037) 0.7822377328809136
(12011 12038) 0.9550285451353395
(12011 12039) 0.47880052765216646
(12011 12040) 0.7568000736768133
(12011 12041) 0.8089996724578544
(12011 12042) 0.8310433760338428
(12011 12043) 0.5113967621895932
(12011 12044) 0.5014656082495287
(12011 12045) 1.05341208611242
(12011 12046) 0.4135277298060048
(12011 12047) 0.4899920724486788
(12011 12048) 0.4174584428997963
(12011 12049) 0.7679872996138448
(12011 12050) 0.5500158815565759
(12011 12051) 0.3495752761087769
(12011 12052) 0.3233645763850444
(12011 12053) 0.32644239462924873
(12011 12054) 0.4703837458561312
(12011 12055) 0.30264969848322343
(12011 12056) 1.1674273255547298
(12011 12057) 0.4520882624928515
(12011 12058) 0.7181577236506702
(12011 12059) 0.5793333300415547
(12011 12060) 0.6831986322947224
(12011 12061) 0.4052909896782828
(12011 12062) 0.7040947508587219
(12011 12063) 0.546311371627596
(12011 12064) 0.7577657560987492
(12011 12065) 0.4814099223458028
(12011 12066) 0.583573687325194
(12011 12067) 0.7335211393248205
(12011 12068) 0.6020726987853299
(12011 12069) 0.5342158937198814
(12011 12070) 0.4656075473718258
(12011 12071) 0.47921402044487965
(12011 12072) 0.4821673052733829
(12011 12073) 0.3752624898398967
(12011 12074) 1.2910998045183664
(12011 12075) 1.7993198161749147
(12011 12076) 0.6040207505498195
(12011 12077) 1.317532003447913
(12011 12078) 0.6669480768575151
(12011 12079) 0.6957934459889544
(12011 12080) 0.8791370432541971
(12011 12081) 0.7575366984883491
(12012 12001) 0.448574845296993
(12012 12002) 0.7036801597199207
(12012 12003) 0.6301169190559954
(12012 12004) 0.35388126643218687
(12012 12005) 0.4606575984115161
(12012 12006) 0.4209169705381718
(12012 12007) 0.2072286177578284
(12012 12008) 0.46448041878078017
(12012 12009) 1.118116671964522
(12012 12010) 0.5716692711849262
(12012 12011) 0.2708813537908272
(12012 12012) 0.0
(12012 12013) 0.7282177049277305
(12012 12014) 0.570467884243649
(12012 12015) 0.8699931742476981
(12012 12016) 0.4935279862504541
(12012 12017) 0.8099755320356313
(12012 12018) 0.8721974456167166
(12012 12019) 1.31981918011959
(12012 12020) 0.44351210262231733
(12012 12021) 0.304348648252324
(12012 12022) 0.5553098558644386
(12012 12023) 0.2732945635946255
(12012 12024) 0.6452436261108185
(12012 12025) 0.4229420957359651
(12012 12026) 0.51448856165435
(12012 12027) 1.0404139367433733
(12012 12028) 0.3071719597022782
(12012 12029) 0.9859510740432177
(12012 12030) 0.48879356502792476
(12012 12031) 0.7651655978614037
(12012 12032) 0.3528716130182866
(12012 12033) 0.45532251675386115
(12012 12034) 0.2905091380670676
(12012 12035) 0.5720764182130216
(12012 12036) 0.9441592527627988
(12012 12037) 0.8474028995022954
(12012 12038) 0.8407612019904258
(12012 12039) 0.32421262878354645
(12012 12040) 0.8739992827351302
(12012 12041) 0.6881023656781576
(12012 12042) 0.8936526378052431
(12012 12043) 0.433421944557374
(12012 12044) 0.48429298156498907
(12012 12045) 0.950753593102794
(12012 12046) 0.2278341070722506
(12012 12047) 0.47299104255554353
(12012 12048) 0.34553684030652254
(12012 12049) 0.7665875472271022
(12012 12050) 0.38559732839617167
(12012 12051) 0.34417774450011124
(12012 12052) 0.2428698222733835
(12012 12053) 0.2170964376726507
(12012 12054) 0.45025931977089406
(12012 12055) 0.30424278579260666
(12012 12056) 1.108462113804939
(12012 12057) 0.36114453011780356
(12012 12058) 0.7790077356575779
(12012 12059) 0.5837245147947758
(12012 12060) 0.6661976024015871
(12012 12061) 0.49195634159078233
(12012 12062) 0.7093531519203629
(12012 12063) 0.5594001278037974
(12012 12064) 0.7353765370645178
(12012 12065) 0.5180307106578826
(12012 12066) 0.4523531480092043
(12012 12067) 0.7064837828662531
(12012 12068) 0.4650314388137057
(12012 12069) 0.6648735814777287
(12012 12070) 0.4531608701110131
(12012 12071) 0.42144949949957927
(12012 12072) 0.5291138937407023
(12012 12073) 0.33846706528262926
(12012 12074) 1.41538799895422
(12012 12075) 1.7998553130097568
(12012 12076) 0.468685311596025
(12012 12077) 1.1244823687178145
(12012 12078) 0.8107684145520496
(12012 12079) 0.7211426223247749
(12012 12080) 0.9991047607562963
(12012 12081) 0.634833999469117
(12013 12001) 0.5947696738573023
(12013 12002) 0.9083923820198011
(12013 12003) 0.39562204767818565
(12013 12004) 0.48168894703888115
(12013 12005) 0.38412102398998105
(12013 12006) 0.5994356905966655
(12013 12007) 0.7016293046090507
(12013 12008) 0.31904175147245795
(12013 12009) 0.8053609503502893
(12013 12010) 0.9070414959666183
(12013 12011) 0.7277872269676754
(12013 12012) 0.7282177049277305
(12013 12013) 0.0
(12013 12014) 0.2530238933610839
(12013 12015) 0.504836975599161
(12013 12016) 0.6458418760898537
(12013 12017) 0.8382402639420515
(12013 12018) 0.8352994398785873
(12013 12019) 0.9120732072874372
(12013 12020) 0.5617723713738575
(12013 12021) 0.5943800804715555
(12013 12022) 0.4789395418878398
(12013 12023) 0.5724157036319879
(12013 12024) 0.5551380452814327
(12013 12025) 0.4245848939009275
(12013 12026) 0.37390233339448875
(12013 12027) 0.7740556436124804
(12013 12028) 0.7845515032817489
(12013 12029) 1.263844641396979
(12013 12030) 0.793408545478815
(12013 12031) 0.5105593278319093
(12013 12032) 0.5979727746629991
(12013 12033) 0.8134724751959432
(12013 12034) 0.7807698290526652
(12013 12035) 0.8652157371022413
(12013 12036) 1.1931768035963048
(12013 12037) 0.4172278820562933
(12013 12038) 0.9181285291476671
(12013 12039) 0.8383934174797434
(12013 12040) 0.5759784414431988
(12013 12041) 0.6552155518202055
(12013 12042) 0.49216644052771086
(12013 12043) 0.6833659791221821
(12013 12044) 0.3637070087406116
(12013 12045) 0.7786601075604577
(12013 12046) 0.8576199973290747
(12013 12047) 0.5104862956437008
(12013 12048) 0.45271554520709434
(12013 12049) 0.29674888409382866
(12013 12050) 0.8972386185202054
(12013 12051) 0.5642617340016061
(12013 12052) 0.5977872869348837
(12013 12053) 0.5412075893121038
(12013 12054) 0.4377990616845474
(12013 12055) 0.6797492758152681
(12013 12056) 0.7636776558609393
(12013 12057) 0.5504186779909231
(12013 12058) 0.6680449758267422
(12013 12059) 0.23315842929242153
(12013 12060) 0.27646065050234797
(12013 12061) 0.46740769439222885
(12013 12062) 1.0421640570292872
(12013 12063) 0.48822109678517484
(12013 12064) 0.1979683369026643
(12013 12065) 0.6823749002252525
(12013 12066) 0.8752694739801992
(12013 12067) 0.29200119241403666
(12013 12068) 0.8057936216465876
(12013 12069) 0.593694550459106
(12013 12070) 0.327992808352582
(12013 12071) 0.414493710513643
(12013 12072) 0.6778287774388977
(12013 12073) 0.6576933671744006
(12013 12074) 1.0208330146736169
(12013 12075) 1.7932234189520264
(12013 12076) 0.7401380130356828
(12013 12077) 1.1867075757686647
(12013 12078) 0.9085816572528516
(12013 12079) 0.46396517866271425
(12013 12080) 0.605746097769879
(12013 12081) 0.7603176464077499
(12014 12001) 0.5583345622077872
(12014 12002) 0.8202840757465761
(12014 12003) 0.4572104601845869
(12014 12004) 0.4759226347099375
(12014 12005) 0.2860277521626276
(12014 12006) 0.5351783419464164
(12014 12007) 0.5564794038531968
(12014 12008) 0.3122430781869941
(12014 12009) 0.6679217044668363
(12014 12010) 0.8577730723849515
(12014 12011) 0.5698541858203037
(12014 12012) 0.570467884243649
(12014 12013) 0.2530238933610839
(12014 12014) 0.0
(12014 12015) 0.40435228181827015
(12014 12016) 0.7001004015645069
(12014 12017) 0.8383641135388298
(12014 12018) 0.9162047326338311
(12014 12019) 0.8326919741164005
(12014 12020) 0.4941396805431886
(12014 12021) 0.5133782367632773
(12014 12022) 0.5675470520072817
(12014 12023) 0.4214265164283449
(12014 12024) 0.5169734522088554
(12014 12025) 0.3498473371398415
(12014 12026) 0.4688480268177081
(12014 12027) 0.9581950571915812
(12014 12028) 0.6238659921266763
(12014 12029) 1.1651148209458904
(12014 12030) 0.6655505401450608
(12014 12031) 0.40911288916337496
(12014 12032) 0.5483767876266714
(12014 12033) 0.7597671054109868
(12014 12034) 0.6140691048745561
(12014 12035) 0.7627949703147916
(12014 12036) 1.0527992135901563
(12014 12037) 0.35939747230751173
(12014 12038) 0.9392087946196054
(12014 12039) 0.691306654343119
(12014 12040) 0.38668832902097344
(12014 12041) 0.7240458809253426
(12014 12042) 0.41229686421397294
(12014 12043) 0.6475334112364959
(12014 12044) 0.41482255889054387
(12014 12045) 0.6504515782884739
(12014 12046) 0.6965316472383859
