!n: Number of areas
n: 84
!I: Set if areas
I: [13001 13002 13003 13004 13005 13006 13007 13008 13009 13010 13011 13012 13013 13014 13015 13016 13017 13018 13019 13020 13021 13022 13023 13024 13025 13026 13027 13028 13029 13030 13031 13032 13033 13034 13035 13036 13037 13038 13039 13040 13041 13042 13043 13044 13045 13046 13047 13048 13049 13050 13051 13052 13053 13054 13055 13056 13057 13058 13059 13060 13061 13062 13063 13064 13065 13066 13067 13068 13069 13070 13071 13072 13073 13074 13075 13076 13077 13078 13079 13080 13081 13082 13083 13084 ]
!p: Number of regions
p: 10
!K: Set of regions
K: [1 2 3 4 5 6 7 8 9 10 ]
!N: Node Neighbor Set
N: [
(13001) [13004 13024 13035 13057 13077]
(13002) [13016 13035 13077]
(13003) [13005 13009 13012 13037 13038 13052 13054 13055]
(13004) [13001 13035 13053]
(13005) [13003 13010 13013 13023 13041 13052 13054 13065]
(13006) [13017 13019 13029 13030 13058 13059]
(13007) [13008]
(13008) [13007 13016 13021 13061]
(13009) [13003 13038 13052]
(13010) [13005 13013 13065 13074 13076]
(13011) [13025 13026 13028 13078 13080]
(13012) [13003 13024 13036 13037 13038 13045]
(13013) [13005 13010 13063 13076]
(13014) [13026 13034 13068 13073 13079 13080]
(13015) [13020 13030 13037 13043 13055 13071]
(13016) [13002 13008 13056 13057 13061 13077]
(13017) [13006 13019 13029 13044 13064 13067 13076]
(13018) [13040 13049 13062]
(13019) [13006 13017 13030 13041 13050 13054 13067]
(13020) [13015 13033 13037 13042 13071]
(13021) [13008 13061]
(13022) [13039 13045 13051 13057 13083]
(13023) [13005 13041 13054]
(13024) [13001 13012 13045 13057]
(13025) [13011 13028 13078]
(13026) [13011 13014 13028 13073 13080]
(13027) [13053 13060]
(13028) [13011 13025 13026 13032 13046 13073]
(13029) [13006 13017 13044 13059]
(13030) [13006 13015 13019 13043 13054 13055 13058 13084]
(13031) [13040 13043 13047 13071 13084]
(13032) [13028 13046]
(13033) [13020 13042 13071]
(13034) [13014 13042 13062 13073 13079]
(13035) [13001 13002 13004 13053 13060 13077]
(13036) [13012 13037 13081]
(13037) [13003 13012 13015 13020 13036 13042 13055 13079 13081]
(13038) [13003 13009 13012 13039 13045 13048 13052]
(13039) [13022 13038 13045 13048 13051]
(13040) [13018 13031 13049 13062 13071]
(13041) [13005 13019 13023 13050 13054 13065 13067 13070]
(13042) [13020 13033 13034 13037 13062 13071 13079]
(13043) [13015 13030 13031 13071 13084]
(13044) [13017 13029]
(13045) [13012 13022 13024 13038 13039 13057]
(13046) [13028 13032 13073]
(13047) [13031 13084]
(13048) [13038 13039 13051 13052 13082 13083]
(13049) [13018 13040]
(13050) [13019 13041 13054]
(13051) [13022 13039 13048 13083]
(13052) [13003 13005 13009 13038 13048 13075 13082]
(13053) [13004 13027 13035 13060]
(13054) [13003 13005 13019 13023 13030 13041 13050 13055]
(13055) [13003 13015 13030 13037 13054]
(13056) [13016 13057 13077]
(13057) [13001 13016 13022 13024 13045 13056 13061 13072 13077 13083]
(13058) [13006 13030 13059 13084]
(13059) [13006 13029 13058 13084]
(13060) [13027 13035 13053]
(13061) [13008 13016 13021 13057 13072]
(13062) [13018 13034 13040 13042 13071]
(13063) [13013 13076]
(13064) [13017 13067 13076]
(13065) [13005 13010 13041 13070 13074]
(13066) [13075 13082 13083]
(13067) [13017 13019 13041 13064 13070 13074 13076]
(13068) [13014 13079 13080 13081]
(13069) [13075]
(13070) [13041 13065 13067 13074]
(13071) [13015 13020 13031 13033 13040 13042 13043 13062]
(13072) [13057 13061 13083]
(13073) [13014 13026 13028 13034 13046]
(13074) [13010 13065 13067 13070 13076]
(13075) [13052 13066 13069 13082]
(13076) [13010 13013 13017 13063 13064 13067 13074]
(13077) [13001 13002 13016 13035 13056 13057]
(13078) [13011 13025 13080]
(13079) [13014 13034 13037 13042 13068 13081]
(13080) [13011 13014 13026 13068 13078]
(13081) [13036 13037 13068 13079]
(13082) [13048 13052 13066 13075 13083]
(13083) [13022 13048 13051 13057 13066 13072 13082]
(13084) [13030 13031 13043 13047 13058 13059]
]
!d(i,j): distance list
d: [
(13001 13001) 0.0
(13001 13002) 0.4040635952590666
(13001 13003) 0.6324681931720537
(13001 13004) 0.4349243997635749
(13001 13005) 0.7297877402411048
(13001 13006) 0.3744848840414924
(13001 13007) 0.36429528247927095
(13001 13008) 0.4801624127194819
(13001 13009) 1.0685443476862404
(13001 13010) 1.107216047204964
(13001 13011) 0.7827144896862295
(13001 13012) 0.287146852247121
(13001 13013) 0.8952269909001761
(13001 13014) 0.7134109347879367
(13001 13015) 1.437177403000158
(13001 13016) 0.4221945017495047
(13001 13017) 0.3433741892162067
(13001 13018) 0.6652689627341539
(13001 13019) 0.8244307348658543
(13001 13020) 1.1025448952988728
(13001 13021) 0.4298849702352775
(13001 13022) 0.6594693620759685
(13001 13023) 0.8400430765211412
(13001 13024) 1.2139752712656855
(13001 13025) 0.6083085345716326
(13001 13026) 0.606722171088502
(13001 13027) 0.7029840700700197
(13001 13028) 0.8133824751855336
(13001 13029) 0.6975107482369761
(13001 13030) 0.8381879024486214
(13001 13031) 0.7762276054118766
(13001 13032) 0.35698123253028097
(13001 13033) 0.35113079848915535
(13001 13034) 1.0551311597089148
(13001 13035) 0.7146323647849557
(13001 13036) 0.9755288334400597
(13001 13037) 0.8161932961217603
(13001 13038) 1.237379738491453
(13001 13039) 0.9701634082690073
(13001 13040) 0.859703847293605
(13001 13041) 0.6569556742072591
(13001 13042) 0.693533132499714
(13001 13043) 0.3866018569358297
(13001 13044) 0.6500096470010808
(13001 13045) 0.7285526833766576
(13001 13046) 0.659449375422815
(13001 13047) 0.4003177527444204
(13001 13048) 0.9461231017325541
(13001 13049) 0.8010429264854502
(13001 13050) 0.4064630917192656
(13001 13051) 0.5859564024831188
(13001 13052) 0.583894964691375
(13001 13053) 1.031047380276729
(13001 13054) 0.7439591195265572
(13001 13055) 1.086069195143311
(13001 13056) 0.6043623555380059
(13001 13057) 0.7179261042759008
(13001 13058) 0.7190475060465856
(13001 13059) 1.1706771541344687
(13001 13060) 0.5653513671814911
(13001 13061) 1.0439028714110923
(13001 13062) 0.9691519909348032
(13001 13063) 0.9292229793073236
(13001 13064) 0.8738543694277526
(13001 13065) 0.41048956598178166
(13001 13066) 0.7001622213061863
(13001 13067) 0.4747799086342919
(13001 13068) 0.6581239186271335
(13001 13069) 0.8758681344841557
(13001 13070) 1.2480097533485401
(13001 13071) 0.9649766586946785
(13001 13072) 0.6467071274185021
(13001 13073) 0.8146411902310468
(13001 13074) 0.3062692769300803
(13001 13075) 0.7863259170027856
(13001 13076) 1.012730391615511
(13001 13077) 0.4636511889919251
(13001 13078) 0.3141920743995684
(13001 13079) 0.7933278185020949
(13001 13080) 0.32074228222110357
(13001 13081) 0.8385391096950655
(13001 13082) 0.6862055498110716
(13001 13083) 0.5457312927374042
(13001 13084) 1.0669920169847429
(13002 13001) 0.4040635952590666
(13002 13002) 0.0
(13002 13003) 0.8126294522168108
(13002 13004) 0.31403130262340995
(13002 13005) 0.9379776013201857
(13002 13006) 0.4377508540186317
(13002 13007) 0.41493468088447055
(13002 13008) 0.4396626462364888
(13002 13009) 1.1076273930696061
(13002 13010) 1.3343591942671722
(13002 13011) 0.8010325405672784
(13002 13012) 0.38414735073908624
(13002 13013) 1.124062046670602
(13002 13014) 0.6170692727012773
(13002 13015) 1.4358398884817405
(13002 13016) 0.26842490080827497
(13002 13017) 0.4170813892219406
(13002 13018) 0.6602075114444568
(13002 13019) 0.8434505813865708
(13002 13020) 1.1379833714131697
(13002 13021) 0.6466418178763924
(13002 13022) 0.6947239332335047
(13002 13023) 0.8364779024935766
(13002 13024) 1.1979289414716838
(13002 13025) 0.5270325572994488
(13002 13026) 0.669827534134467
(13002 13027) 0.5607310587312259
(13002 13028) 0.684114362271656
(13002 13029) 0.9154885017020823
(13002 13030) 0.6929154704198106
(13002 13031) 0.7328035527524156
(13002 13032) 0.29215758925229557
(13002 13033) 0.5041622022583039
(13002 13034) 1.1093367752752192
(13002 13035) 1.0306030276170925
(13002 13036) 0.8309781979429043
(13002 13037) 0.8410239018423291
(13002 13038) 1.23640467425315
(13002 13039) 0.9872790458641674
(13002 13040) 0.9142719131400245
(13002 13041) 0.4901810325728867
(13002 13042) 0.5985858921612007
(13002 13043) 0.3864143287325924
(13002 13044) 0.8558179814761706
(13002 13045) 0.771637378672942
(13002 13046) 0.4679859335377128
(13002 13047) 0.6784566294992407
(13002 13048) 0.7422283980383071
(13002 13049) 0.8321267646082826
(13002 13050) 0.37662728384561084
(13002 13051) 0.6105683878698752
(13002 13052) 0.7935303424506578
(13002 13053) 0.8466854069257913
(13002 13054) 0.739435934113529
(13002 13055) 1.3175213710825773
(13002 13056) 0.7988942732470107
(13002 13057) 0.9438974926875238
(13002 13058) 0.7384784159720399
(13002 13059) 1.008156847229386
(13002 13060) 0.6106272552521244
(13002 13061) 1.2555455489781187
(13002 13062) 1.0428248926587549
(13002 13063) 1.1191588360053901
(13002 13064) 0.7158146782589621
(13002 13065) 0.32578644148723007
(13002 13066) 0.9063474778110016
(13002 13067) 0.4586011363661293
(13002 13068) 0.9193165411870006
(13002 13069) 1.0558534073393238
(13002 13070) 1.0664654988584592
(13002 13071) 1.0195447245410982
(13002 13072) 0.8633003856432127
(13002 13073) 0.8501129094180445
(13002 13074) 0.34082369008182445
(13002 13075) 1.0029461641133777
(13002 13076) 0.6405243648216357
(13002 13077) 0.26937877619812234
(13002 13078) 0.36945783664318516
(13002 13079) 0.8464678631932185
(13002 13080) 0.5609780158594535
(13002 13081) 1.0540071949613758
(13002 13082) 0.7578519324314071
(13002 13083) 0.44716376426139526
(13002 13084) 0.9600179090787377
(13003 13001) 0.6324681931720537
(13003 13002) 0.8126294522168108
(13003 13003) 0.0
(13003 13004) 0.9432710737986518
(13003 13005) 0.3454757614978127
(13003 13006) 0.9515025586730483
(13003 13007) 0.8487577785162084
(13003 13008) 0.5310010521053355
(13003 13009) 1.4926237540986298
(13003 13010) 0.7079199146313083
(13003 13011) 1.1558693906654842
(13003 13012) 0.7208813892636756
(13003 13013) 0.43866879189903724
(13003 13014) 1.2077495450753286
(13003 13015) 1.5006880175951824
(13003 13016) 0.743187708441443
(13003 13017) 0.8229114440022612
(13003 13018) 1.1320918130538677
(13003 13019) 1.313656228003543
(13003 13020) 1.556592887724233
(13003 13021) 0.29386737756066367
(13003 13022) 1.0899949697801676
(13003 13023) 1.1718997924514882
(13003 13024) 1.360733437056886
(13003 13025) 0.9917142102845803
(13003 13026) 1.1192159484401185
(13003 13027) 1.1307047133216803
(13003 13028) 1.2155886387686974
(13003 13029) 0.2787413499700374
(13003 13030) 1.1241874614795992
(13003 13031) 1.2369774010356593
(13003 13032) 0.7078015315797529
(13003 13033) 0.8538315163219399
(13003 13034) 1.5416036173725431
(13003 13035) 0.40474435234401235
(13003 13036) 1.1572863379227225
(13003 13037) 1.2672392818290947
(13003 13038) 1.3665721587604167
(13003 13039) 1.2726425918468518
(13003 13040) 1.3645098010422825
(13003 13041) 0.6194879375455051
(13003 13042) 1.2104730213658883
(13003 13043) 0.9174291303724951
(13003 13044) 0.28863164768254523
(13003 13045) 1.2483803021273736
(13003 13046) 1.0941088621065618
(13003 13047) 0.5992930388915356
(13003 13048) 0.9967936770827274
(13003 13049) 1.29167012034682
(13003 13050) 0.5654593352406002
(13003 13051) 0.33394163252667114
(13003 13052) 0.5923640405512026
(13003 13053) 1.2862255439674648
(13003 13054) 1.2334124435979785
(13003 13055) 0.6914466273592431
(13003 13056) 0.261049070387748
(13003 13057) 0.32088824643275204
(13003 13058) 1.1866259704177335
(13003 13059) 1.2029634584512114
(13003 13060) 1.0814661970786343
(13003 13061) 0.6102694925632538
(13003 13062) 1.4980425991596826
(13003 13063) 0.4710776496863164
(13003 13064) 1.2819849753418733
(13003 13065) 0.7991812927694573
(13003 13066) 0.317212376995017
(13003 13067) 0.9119747095257695
(13003 13068) 0.6006141929577402
(13003 13069) 0.44386045399805457
(13003 13070) 1.3129551202270657
(13003 13071) 1.4697826124433564
(13003 13072) 0.276842049438341
(13003 13073) 1.3106856108496294
(13003 13074) 0.6875310782705273
(13003 13075) 0.37537695634684876
(13003 13076) 0.918433594616436
(13003 13077) 0.7663264684269109
(13003 13078) 0.8070193579375089
(13003 13079) 1.2770241727970932
(13003 13080) 0.502816714831153
(13003 13081) 0.4079008058852999
(13003 13082) 0.7822591388650794
(13003 13083) 0.8670087034894252
(13003 13084) 1.1756536669825344
(13004 13001) 0.4349243997635749
(13004 13002) 0.31403130262340995
(13004 13003) 0.9432710737986518
(13004 13004) 0.0
(13004 13005) 1.0432688679143485
(13004 13006) 0.3181518711779481
(13004 13007) 0.39616311741642096
(13004 13008) 0.561687458820139
(13004 13009) 1.0804176536684242
(13004 13010) 1.4389069962519982
(13004 13011) 0.5519473258338172
(13004 13012) 0.28593018394684544
(13004 13013) 1.2550766391177937
(13004 13014) 0.3760921414331872
(13004 13015) 1.3182081149427014
(13004 13016) 0.25058925743951643
(13004 13017) 0.2875121240096683
(13004 13018) 0.45108006843021187
(13004 13019) 0.6797686668601369
(13004 13020) 1.0005782643907897
(13004 13021) 0.7222641646097666
(13004 13022) 0.6679163941043988
(13004 13023) 0.6662614346377103
(13004 13024) 1.0451817841254514
(13004 13025) 0.3220164774958308
(13004 13026) 0.5146647387317451
(13004 13027) 0.4032990481746499
(13004 13028) 0.5329285684143947
(13004 13029) 1.0292308234608478
(13004 13030) 0.4962696008444117
(13004 13031) 0.584838701121659
(13004 13032) 0.5861159930354626
(13004 13033) 0.5571234865194314
(13004 13034) 0.979757839833017
(13004 13035) 1.129565627411147
(13004 13036) 0.7165553487559816
(13004 13037) 0.6715781797797928
(13004 13038) 1.0638879845946692
(13004 13039) 0.7978262827035243
(13004 13040) 0.8416638377001197
(13004 13041) 0.6108905497795062
(13004 13042) 0.34634903543878703
(13004 13043) 0.2705668510342727
(13004 13044) 0.958177429251664
(13004 13045) 0.617540154145401
(13004 13046) 0.4810866238947044
(13004 13047) 0.7502094898921128
(13004 13048) 0.7096021555282321
(13004 13049) 0.6772757278100169
(13004 13050) 0.4871578539353522
(13004 13051) 0.7386656773826838
(13004 13052) 0.9020889672532484
(13004 13053) 0.7062281052116716
(13004 13054) 0.5282526835636605
(13004 13055) 1.4175495417518125
(13004 13056) 0.8692221083712403
(13004 13057) 1.043925663356759
(13004 13058) 0.5301606015552005
(13004 13059) 0.7619344666992718
(13004 13060) 0.35495403972510936
(13004 13061) 1.374635153476415
(13004 13062) 0.8052076729837843
(13004 13063) 1.2445657213397607
(13004 13064) 0.483548147718259
(13004 13065) 0.2316017481885198
(13004 13066) 1.0149061026135922
(13004 13067) 0.26585257819925007
(13004 13068) 0.8556272609538655
(13004 13069) 1.202352722254508
(13004 13070) 0.9847129785032094
(13004 13071) 0.8075113648266472
(13004 13072) 0.954493758855967
(13004 13073) 0.6348202621460959
(13004 13074) 0.33434387560365736
(13004 13075) 1.1112231848034158
(13004 13076) 0.8888269948085872
(13004 13077) 0.3090898762413706
(13004 13078) 0.31050925088319037
(13004 13079) 0.7179544986261974
(13004 13080) 0.5523624784476343
(13004 13081) 1.163991636671775
(13004 13082) 0.8047273985013098
(13004 13083) 0.7571234470229282
(13004 13084) 1.1091143242671921
(13005 13001) 0.7297877402411048
(13005 13002) 0.9379776013201857
(13005 13003) 0.3454757614978127
(13005 13004) 1.0432688679143485
(13005 13005) 0.0
(13005 13006) 1.0515003527887448
(13005 13007) 0.9124738673172406
(13005 13008) 0.7615586950817406
(13005 13009) 1.4780752819728273
(13005 13010) 0.4535301146068184
(13005 13011) 1.373611697533207
(13005 13012) 0.8362460004615392
(13005 13013) 0.34248988195627134
(13005 13014) 1.3110659208445945
(13005 13015) 1.5677940630469758
(13005 13016) 0.9047436995307525
(13005 13017) 0.8785517872193563
(13005 13018) 1.2668231243770758
(13005 13019) 1.3569426607449289
(13005 13020) 1.528159489399143
(13005 13021) 0.3542774413259121
(13005 13022) 1.1432524970532856
(13005 13023) 1.2889224452821604
(13005 13024) 1.4046476750926356
(13005 13025) 1.1143326917416811
(13005 13026) 1.2190194282849556
(13005 13027) 1.2156631466411982
(13005 13028) 1.4220950764125453
(13005 13029) 0.21219127336823912
(13005 13030) 1.3866431990065209
(13005 13031) 1.371786769061391
(13005 13032) 0.8065125251261028
(13005 13033) 0.8944397020166802
(13005 13034) 1.5948611446456609
(13005 13035) 0.17334931643758578
(13005 13036) 1.257197076897029
(13005 13037) 1.3825619022888413
(13005 13038) 1.4071803444551572
(13005 13039) 1.2848089006965124
(13005 13040) 1.4051179867370232
(13005 13041) 0.8661622495864285
(13005 13042) 1.3085233944180699
(13005 13043) 1.0045832686389549
(13005 13044) 0.12111258484260908
(13005 13045) 1.336126416140965
(13005 13046) 1.2498854672417874
(13005 13047) 0.583508982144823
(13005 13048) 1.2834489326763285
(13005 13049) 1.3616884620946588
(13005 13050) 0.7890867661764186
(13005 13051) 0.58086412822865
(13005 13052) 0.6873431074825751
(13005 13053) 1.3892180567058614
(13005 13054) 1.3163851153534503
(13005 13055) 0.435106987190223
(13005 13056) 0.3045235309128795
(13005 13057) 0.1143307021420531
(13005 13058) 1.3194098606774263
(13005 13059) 1.373054608814404
(13005 13060) 1.1786058737318732
(13005 13061) 0.39549406931334025
(13005 13062) 1.5351328891845455
(13005 13063) 0.3486948919786969
(13005 13064) 1.3835532440639322
(13005 13065) 0.9137404018750225
(13005 13066) 0.1460086677760845
(13005 13067) 1.008827021020385
(13005 13068) 0.6534885397293153
(13005 13069) 0.2807681983858903
(13005 13070) 1.4225690083437614
(13005 13071) 1.5103907981380968
(13005 13072) 0.10334561473224836
(13005 13073) 1.375348275023648
(13005 13074) 0.8560587314235406
(13005 13075) 0.20921944004459495
(13005 13076) 1.1082439682454894
(13005 13077) 0.9788940517287754
(13005 13078) 0.908178560679843
(13005 13079) 1.3283342790066959
(13005 13080) 0.5893202154691801
(13005 13081) 0.23924045776408823
(13005 13082) 0.8397829614573764
(13005 13083) 0.9522234772324909
(13005 13084) 1.3449903268666756
(13006 13001) 0.3744848840414924
(13006 13002) 0.4377508540186317
(13006 13003) 0.9515025586730483
(13006 13004) 0.3181518711779481
(13006 13005) 1.0515003527887448
(13006 13006) 0.0
(13006 13007) 0.36218897847968967
(13006 13008) 0.7224524095387211
(13006 13009) 0.9837890950502255
(13006 13010) 1.4471384811263948
(13006 13011) 0.5651649606118084
(13006 13012) 0.3904622021066001
(13006 13013) 1.224355964478527
(13006 13014) 0.49442597758493784
(13006 13015) 1.4121546523250532
(13006 13016) 0.4619389290390582
(13006 13017) 0.3738126033375168
(13006 13018) 0.472516541746768
(13006 13019) 0.6644963386611586
(13006 13020) 0.8881598365226638
(13006 13021) 0.7304956494841632
(13006 13022) 0.5712878354862003
(13006 13023) 0.7412668657316549
(13006 13024) 1.114571136822465
(13006 13025) 0.5174374727311781
(13006 13026) 0.5369744636733564
(13006 13027) 0.6450406094781571
(13006 13028) 0.6589127355728632
(13006 13029) 1.018768599274042
(13006 13030) 0.7193828560816832
(13006 13031) 0.5749631128993925
(13006 13032) 0.5952588858987471
(13006 13033) 0.4687264127756295
(13006 13034) 0.9770758185971706
(13006 13035) 1.06823984920468
(13006 13036) 0.9380436058050614
(13006 13037) 0.6709756787469882
(13006 13038) 1.1019967787233567
(13006 13039) 0.9078355839111978
(13006 13040) 0.7680888211133942
(13006 13041) 0.7425177432325156
(13006 13042) 0.45276577666546486
(13006 13043) 0.3447584461678055
(13006 13044) 0.9664089141260607
(13006 13045) 0.6398498790870123
(13006 13046) 0.5277013582682809
(13006 13047) 0.6618124161483109
(13006 13048) 0.8765585952605316
(13006 13049) 0.6571061237361111
(13006 13050) 0.6229310584764769
(13006 13051) 0.8762711261700122
(13006 13052) 0.9103204521276452
(13006 13053) 0.9209688308508248
(13006 13054) 0.5687419389243473
(13006 13055) 1.425781026626209
(13006 13056) 0.9038721724959301
(13006 13057) 1.0521571482311556
(13006 13058) 0.49214348405899333
(13006 13059) 0.9902325121247503
(13006 13060) 0.4370627902617992
(13006 13061) 1.3822589956767595
(13006 13062) 0.8778822243553293
(13006 13063) 1.2527972062141577
(13006 13064) 0.6825007755484531
(13006 13065) 0.4547954173540853
(13006 13066) 1.0231375874879889
(13006 13067) 0.287431730581498
(13006 13068) 0.9854062555714068
(13006 13069) 1.2153895634644332
(13006 13070) 1.162619524599871
(13006 13071) 0.8551941700207344
(13006 13072) 0.9627252437303636
(13006 13073) 0.6748398140292653
(13006 13074) 0.39970708087117846
(13006 13075) 1.1194546696778125
(13006 13076) 1.0479565823632864
(13006 13077) 0.405342594794971
(13006 13078) 0.4031347512854339
(13006 13079) 0.7152724773903507
(13006 13080) 0.6591573280861747
(13006 13081) 1.1722231215461718
(13006 13082) 0.8345495618345526
(13006 13083) 0.6957976688164613
(13006 13084) 1.0361701191565855
(13007 13001) 0.36429528247927095
(13007 13002) 0.41493468088447055
(13007 13003) 0.8487577785162084
(13007 13004) 0.39616311741642096
(13007 13005) 0.9124738673172406
(13007 13006) 0.36218897847968967
(13007 13007) 0.0
(13007 13008) 0.664249043664332
(13007 13009) 0.8431756758425453
(13007 13010) 1.3182894482061178
(13007 13011) 0.6045941712465432
(13007 13012) 0.2825376130000874
(13007 13013) 1.1561152696417165
(13007 13014) 0.4287441815923394
(13007 13015) 1.4219152298382995
(13007 13016) 0.34571060233053286
(13007 13017) 0.28848324548182647
(13007 13018) 0.6020123457891573
(13007 13019) 0.5529256389791805
(13007 13020) 0.8238053404757062
(13007 13021) 0.6005389793805694
(13007 13022) 0.43027221600644355
(13007 13023) 0.8294889870360558
(13007 13024) 1.1615319233688548
(13007 13025) 0.5392357543433504
(13007 13026) 0.41833326312387736
(13007 13027) 0.6890422133707325
(13007 13028) 0.7414050662145305
(13007 13029) 0.9485190027929381
(13007 13030) 0.763551018074842
(13007 13031) 0.5047803237066768
(13007 13032) 0.47589210862726994
(13007 13033) 0.19934481188535902
(13007 13034) 0.8153182899276126
(13007 13035) 1.0090289306029534
(13007 13036) 0.987741295008271
(13007 13037) 0.5230901408910583
(13007 13038) 1.1802381238380721
(13007 13039) 0.8893822975636937
(13007 13040) 0.6063312924438361
(13007 13041) 0.6947484751442141
(13007 13042) 0.5227401738417743
(13007 13043) 0.32667166849201573
(13007 13044) 0.8367760037926428
(13007 13045) 0.507314111986453
(13007 13046) 0.5647243798227264
(13007 13047) 0.4425858546225897
(13007 13048) 0.9389605221484043
(13007 13049) 0.5336811123232161
(13007 13050) 0.5535099967198119
(13007 13051) 0.8000626323816981
(13007 13052) 0.7659856245965617
(13007 13053) 0.9724418504890678
(13007 13054) 0.43544664233310415
(13007 13055) 1.2957312056181838
(13007 13056) 0.835892300297429
(13007 13057) 0.9220666569144046
(13007 13058) 0.4391886597177775
(13007 13059) 1.094244763006536
(13007 13060) 0.4263653162044457
(13007 13061) 1.2532390306708212
(13007 13062) 0.7355516017560558
(13007 13063) 1.166611225623466
(13007 13064) 0.7782940965684111
(13007 13065) 0.343764260385753
(13007 13066) 0.8876139551537625
(13007 13067) 0.3178519893099487
(13007 13068) 0.8327838889916095
(13007 13069) 1.091977808950965
(13007 13070) 1.177620251852585
(13007 13071) 0.7057703814510097
(13007 13072) 0.8271379394870608
(13007 13073) 0.491504290409475
(13007 13074) 0.2836523854597829
(13007 13075) 0.9960848659869942
(13007 13076) 1.035725173563501
(13007 13077) 0.44353517582087665
(13007 13078) 0.3310633667898887
(13007 13079) 0.5206652852952132
(13007 13080) 0.5390267335258773
(13007 13081) 1.0482310936094361
(13007 13082) 0.6684114381705554
(13007 13083) 0.6341820954281044
(13007 13084) 1.1610940397784628
(13008 13001) 0.4801624127194819
(13008 13002) 0.4396626462364888
(13008 13003) 0.5310010521053355
(13008 13004) 0.561687458820139
(13008 13005) 0.7615586950817406
(13008 13006) 0.7224524095387211
(13008 13007) 0.664249043664332
(13008 13008) 0.0
(13008 13009) 1.384438820305171
(13008 13010) 1.1538860330828162
(13008 13011) 1.0230866881006833
(13008 13012) 0.5494259704420206
(13008 13013) 0.8824585614837337
(13008 13014) 0.9005963648910383
(13008 13015) 1.4455093986467593
(13008 13016) 0.3815216945062508
(13008 13017) 0.6161139010816343
(13008 13018) 0.8811848844691439
(13008 13019) 1.129510107296991
(13008 13020) 1.4283199439348537
(13008 13021) 0.5280007579732197
(13008 13022) 0.9715353604690693
(13008 13023) 0.9319507787455527
(13008 13024) 1.2054814874457167
(13008 13025) 0.6907720059919713
(13008 13026) 0.8964370107660974
(13008 13027) 0.6781589093373255
(13008 13028) 0.739568158240328
(13008 13029) 0.7171846196278796
(13008 13030) 0.7638759193237943
(13008 13031) 1.0003245647743606
(13008 13032) 0.49769661425943157
(13008 13033) 0.6723154921521739
(13008 13034) 1.3801756031986974
(13008 13035) 0.8506876025671106
(13008 13036) 0.7451521666742409
(13008 13037) 1.0666983634890002
(13008 13038) 1.243957220227183
(13008 13039) 1.0871060075900723
(13008 13040) 1.182993776872517
(13008 13041) 0.23908364722885028
(13008 13042) 0.7558200423792136
(13008 13043) 0.6109068411732371
(13008 13044) 0.6793044062468563
(13008 13045) 1.0091179342800767
(13008 13046) 0.8277900476506574
(13008 13047) 0.7753526316848233
(13008 13048) 0.5703196669974037
(13008 13049) 1.1007137415647519
(13008 13050) 0.20535435695726414
(13008 13051) 0.28694387794664034
(13008 13052) 0.6049098776410479
(13008 13053) 0.8643408088995309
(13008 13054) 1.011538320140276
(13008 13055) 1.1373898775823414
(13008 13056) 0.5730300934122846
(13008 13057) 0.7637253288785619
(13008 13058) 0.9876689212313807
(13008 13059) 0.9158178432162682
(13008 13060) 0.8373406050476133
(13008 13061) 1.0564970007634298
(13008 13062) 1.2687180067654327
(13008 13063) 0.9080247023922245
(13008 13064) 0.8682478470218022
(13008 13065) 0.505939509651043
(13008 13066) 0.7177270130013914
(13008 13067) 0.7058293409130117
(13008 13068) 0.7058565895657245
(13008 13069) 0.8572043903539712
(13008 13070) 0.9682285520070697
(13008 13071) 1.2882665882735906
(13008 13072) 0.6814302324286806
(13008 13073) 1.114219735508274
(13008 13074) 0.47408506259463873
(13008 13075) 0.8226300353922746
(13008 13076) 0.593860011741882
(13008 13077) 0.404999822009064
(13008 13078) 0.5477236816526259
(13008 13079) 1.1155401140033063
(13008 13080) 0.5544815711429135
(13008 13081) 0.8556531379266834
(13008 13082) 0.6549048563235005
(13008 13083) 0.7198391316030809
(13008 13084) 1.020321722950237
(13009 13001) 1.0685443476862404
(13009 13002) 1.1076273930696061
(13009 13003) 1.4926237540986298
(13009 13004) 1.0804176536684242
(13009 13005) 1.4780752819728273
(13009 13006) 0.9837890950502255
(13009 13007) 0.8431756758425453
(13009 13008) 1.384438820305171
(13009 13009) 0.0
(13009 13010) 1.8370865522320725
(13009 13011) 0.9483156682230727
(13009 13012) 1.0856136058733703
(13009 13013) 1.741901106938202
(13009 13014) 0.7372410154671276
(13009 13015) 1.6972941728485194
(13009 13016) 1.1536886625175629
(13009 13017) 1.096958725009457
(13009 13018) 1.0565303525986751
(13009 13019) 0.48901794627014783
(13009 13020) 0.38115277815077775
(13009 13021) 1.3212142764944763
(13009 13022) 0.4503235087616525
(13009 13023) 1.2764784292402136
(13009 13024) 1.4316278179755244
(13009 13025) 1.1491705611954461
(13009 13026) 0.810785575270889
(13009 13027) 1.1561581672029777
(13009 13028) 0.9941846050065005
(13009 13029) 1.566377723966877
(13009 13030) 1.0721934092016359
(13009 13031) 0.7215280627238202
(13009 13032) 1.1650308430001586
(13009 13033) 0.7499767964695127
(13009 13034) 0.40034602076124576
(13009 13035) 1.5576770830652602
(13009 13036) 1.3806443769170285
(13009 13037) 0.4918293730144842
(13009 13038) 1.470491361629546
(13009 13039) 1.280948509981285
(13009 13040) 0.2659052716561476
(13009 13041) 1.4216301715842585
(13009 13042) 0.9506480481942863
(13009 13043) 0.9977641895998304
(13009 13044) 1.4637546873844896
(13009 13045) 0.7942081076115591
(13009 13046) 1.0266995401941288
(13009 13047) 0.9604263207845584
(13009 13048) 1.314222409738288
(13009 13049) 0.8404089465726772
(13009 13050) 1.2813770842152823
(13009 13051) 1.4653574453162943
(13009 13052) 1.40440906375417
(13009 13053) 1.2725643364286068
(13009 13054) 0.6572899278725557
(13009 13055) 1.820546770835356
(13009 13056) 1.5472902131332709
(13009 13057) 1.5023330564993413
(13009 13058) 0.8172623946836469
(13009 13059) 1.7767882412875715
(13009 13060) 0.9975744216614327
(13009 13061) 1.783998343337927
(13009 13062) 0.9769802983616267
(13009 13063) 1.7436721019071404
(13009 13064) 1.1504021808903415
(13009 13065) 1.156176545915931
(13009 13066) 1.5601333092736822
(13009 13067) 0.9840564326822642
(13009 13068) 1.5615123494895884
(13009 13069) 1.681350530968254
(13009 13070) 1.4532593219496373
(13009 13071) 0.9350558501103794
(13009 13072) 1.4694839283419068
(13009 13073) 0.5838860068058344
(13009 13074) 1.10261433003546
(13009 13075) 1.5992578352317384
(13009 13076) 1.6230481106398988
(13009 13077) 1.1532351158511889
(13009 13078) 1.0410627858968442
(13009 13079) 0.6895272398252197
(13009 13080) 1.2327709975932917
(13009 13081) 1.6293432464266262
(13009 13082) 1.4429036591688542
(13009 13083) 1.2281009011450992
(13009 13084) 1.4386201364531457
(13010 13001) 1.107216047204964
(13010 13002) 1.3343591942671722
(13010 13003) 0.7079199146313083
(13010 13004) 1.4389069962519982
(13010 13005) 0.4535301146068184
(13010 13006) 1.4471384811263948
(13010 13007) 1.3182894482061178
(13010 13008) 1.1538860330828162
(13010 13009) 1.8370865522320725
(13010 13010) 0.0
(13010 13011) 1.7661582812841394
(13010 13012) 1.2389109912041798
(13010 13013) 0.38057760559267734
(13010 13014) 1.697518150182687
(13010 13015) 1.7181112962834337
(13010 13016) 1.308616216716103
(13010 13017) 1.2860737351624951
(13010 13018) 1.6642947246003506
(13010 13019) 1.7230060412248152
(13010 13020) 1.8768151159021391
(13010 13021) 0.7421242666768976
(13010 13022) 1.47543249940399
(13010 13023) 1.697266180684897
(13010 13024) 1.769982490435976
(13010 13025) 1.5121254212782655
(13010 13026) 1.5617273625490453
(13010 13027) 1.6190301333981025
(13010 13028) 1.8147984706824987
(13010 13029) 0.48755073309870106
(13010 13030) 1.8224572327886115
(13010 13031) 1.7748298232869506
(13010 13032) 1.1884566461560484
(13010 13033) 1.2422932611227757
(13010 13034) 1.8905981831612035
(13010 13035) 0.4072964826645394
(13010 13036) 1.6107724052237664
(13010 13037) 1.7893578064583213
(13010 13038) 1.7550339035612528
(13010 13039) 1.7375369479064307
(13010 13040) 1.7529715458431188
(13010 13041) 1.257879889297432
(13010 13042) 1.7101261589568857
(13010 13043) 1.3795006353788801
(13010 13044) 0.4842289457798217
(13010 13045) 1.7131699274931118
(13010 13046) 1.6503647571181936
(13010 13047) 0.8800480880572663
(13010 13048) 1.7047135917140361
(13010 13049) 1.7548156502083747
(13010 13050) 1.170666055930905
(13010 13051) 0.9693171010254574
(13010 13052) 1.053732452180317
(13010 13053) 1.7909972142628043
(13010 13054) 1.7258419797132454
(13010 13055) 0.023125248152040128
(13010 13056) 0.6217837651801212
(13010 13057) 0.39624565952012325
(13010 13058) 1.7218019971804177
(13010 13059) 1.4767448209308163
(13010 13060) 1.581944393638663
(13010 13061) 0.09825806474210666
(13010 13062) 1.89508978166586
(13010 13063) 0.2609836872840417
(13010 13064) 1.7717535804492317
(13010 13065) 1.320475328025618
(13010 13066) 0.45683529372907167
(13010 13067) 1.4603798434286974
(13010 13068) 0.9538864614631747
(13010 13069) 0.30559854420824567
(13010 13070) 1.8274388090372162
(13010 13071) 1.8582443572441927
(13010 13072) 0.49115150871905744
(13010 13073) 1.7756519447841665
(13010 13074) 1.25452271032855
(13010 13075) 0.33929702999803285
(13010 13076) 1.3551271613845772
(13010 13077) 1.3822562751090477
(13010 13078) 1.28997893136433
(13010 13079) 1.6287368589451068
(13010 13080) 0.9369220099306194
(13010 13081) 0.3031258262808775
(13010 13082) 1.2424960582770748
(13010 13083) 1.3003256288017693
(13010 13084) 1.7221276370503935
(13011 13001) 0.7827144896862295
(13011 13002) 0.8010325405672784
(13011 13003) 1.1558693906654842
(13011 13004) 0.5519473258338172
(13011 13005) 1.373611697533207
(13011 13006) 0.5651649606118084
(13011 13007) 0.6045941712465432
(13011 13008) 1.0230866881006833
(13011 13009) 0.9483156682230727
(13011 13010) 1.7661582812841394
(13011 13011) 0.0
(13011 13012) 0.6181505091199824
(13011 13013) 1.5103775539670172
(13011 13014) 0.41988406519314364
(13011 13015) 1.14344610131614
(13011 13016) 0.726498765536044
(13011 13017) 0.5980046617205046
(13011 13018) 0.45711635702765796
(13011 13019) 0.5266982592184569
(13011 13020) 0.8619619868696621
(13011 13021) 1.0725969350624065
(13011 13022) 0.8270628118927037
(13011 13023) 0.7555850156672033
(13011 13024) 0.8183765613769707
(13011 13025) 0.421315524673779
(13011 13026) 0.4157563644446617
(13011 13027) 0.6923800159527554
(13011 13028) 0.5892350011242469
(13011 13029) 1.3938467607406995
(13011 13030) 0.48176196475192395
(13011 13031) 0.4038217537935945
(13011 13032) 0.9138741632009886
(13011 13033) 0.752779671239606
(13011 13034) 0.6659910947555704
(13011 13035) 1.4594852816670887
(13011 13036) 0.9590800998144653
(13011 13037) 0.5322653803298759
(13011 13038) 0.8457407514115721
(13011 13039) 0.6091238078211703
(13011 13040) 0.726172911332628
(13011 13041) 1.0261480828253255
(13011 13042) 0.451234228342735
(13011 13043) 0.5706801475334667
(13011 13044) 1.2859355994171902
(13011 13045) 0.37558626751782814
(13011 13046) 0.44163357500561395
(13011 13047) 0.9458656746122873
(13011 13048) 0.8246932666887631
(13011 13049) 0.31218942680432343
(13011 13050) 0.925779844787326
(13011 13051) 1.1567499057070196
(13011 13052) 1.2372706306318593
(13011 13053) 0.7887076488898807
(13011 13054) 0.3881481938986761
(13011 13055) 1.7460639890788678
(13011 13056) 1.2749858882551315
(13011 13057) 1.374034606205238
(13011 13058) 0.2741047384770081
(13011 13059) 0.9761531973451246
(13011 13060) 0.3402638900426821
(13011 13061) 1.6870370550844116
(13011 13062) 0.5848424024838653
(13011 13063) 1.5689736691302134
(13011 13064) 0.47004561151294744
(13011 13065) 0.6464885756561108
(13011 13066) 1.3526312755226724
(13011 13067) 0.48189046466429275
(13011 13068) 0.977735906134839
(13011 13069) 1.529097319381069
(13011 13070) 1.1499256066054488
(13011 13071) 0.4410400802216813
(13011 13072) 1.2921691010059093
(13011 13073) 0.3837853570801629
(13011 13074) 0.6761998832195225
(13011 13075) 1.4402283554665767
(13011 13076) 1.391688016723556
(13011 13077) 0.7258846651223285
(13011 13078) 0.5864851468052393
(13011 13079) 0.5093394195632395
(13011 13080) 0.8302039208378174
(13011 13081) 1.4954912307654742
(13011 13082) 1.1292330165527191
(13011 13083) 1.087538022837223
(13011 13084) 1.1659816333087858
(13012 13001) 0.287146852247121
(13012 13002) 0.38414735073908624
(13012 13003) 0.7208813892636756
(13012 13004) 0.28593018394684544
(13012 13005) 0.8362460004615392
(13012 13006) 0.3904622021066001
(13012 13007) 0.2825376130000874
(13012 13008) 0.5494259704420206
(13012 13009) 1.0856136058733703
(13012 13010) 1.2389109912041798
(13012 13011) 0.6181505091199824
(13012 13012) 0.0
(13012 13013) 1.049727152063279
(13012 13014) 0.553547364712956
(13012 13015) 1.3325956561922068
(13012 13016) 0.27692378080837615
(13012 13017) 0.1427651098018878
(13012 13018) 0.4885440991036337
(13012 13019) 0.684917468632792
(13012 13020) 1.0595695708283202
(13012 13021) 0.5082936748722553
(13012 13022) 0.6727101460372683
(13012 13023) 0.7133644354981352
(13012 13024) 1.0721222077344372
(13012 13025) 0.44377415837307826
(13012 13026) 0.5808503541707001
(13012 13027) 0.6054904229310524
(13012 13028) 0.6828577560748244
(13012 13029) 0.8128742055787195
(13012 13030) 0.6218743147700714
(13012 13031) 0.6106759210222696
(13012 13032) 0.39261057384763554
(13012 13033) 0.3627882650917009
(13012 13034) 0.9823920404340434
(13012 13035) 0.9297248253326779
(13012 13036) 0.9041219678625524
(13012 13037) 0.6751858896742392
(13012 13038) 1.090828408203655
(13012 13039) 0.811030523328878
(13012 13040) 0.8468597899050659
(13012 13041) 0.5803688332092718
(13012 13042) 0.5620068067791805
(13012 13043) 0.3408267783576398
(13012 13044) 0.754939779191756
(13012 13045) 0.6974568220846005
(13012 13046) 0.5009650978715569
(13012 13047) 0.5555646400185896
(13012 13048) 0.8633460539635935
(13012 13049) 0.669026217058531
(13012 13050) 0.43516366288421127
(13012 13051) 0.6817569663544962
(13012 13052) 0.6771391874780924
(13012 13053) 0.8501930118791405
(13012 13054) 0.5929094560693475
(13012 13055) 1.2164271003479084
(13012 13056) 0.7440083703844624
(13012 13057) 0.8427625516441289
(13012 13058) 0.551591618709213
(13012 13059) 0.955172289875628
(13012 13060) 0.4290993130900289
(13012 13061) 1.1689415807403671
(13012 13062) 0.8610179930808408
(13012 13063) 1.0612383610751752
(13012 13064) 0.6695751429546202
(13012 13065) 0.24316508436660464
(13012 13066) 0.7899563228384362
(13012 13067) 0.2871379060663629
(13012 13068) 0.6818140923586563
(13012 13069) 0.9990310499469439
(13012 13070) 1.1713916983067871
(13012 13071) 0.8346034029442266
(13012 13072) 0.7478338342167853
(13012 13073) 0.6527515383805221
(13012 13074) 0.16982540294224213
(13012 13075) 0.9016426365168605
(13012 13076) 0.9887676600662161
(13012 13077) 0.3505840944287435
(13012 13078) 0.26025720013000614
(13012 13079) 0.7153646548529685
(13012 13080) 0.3676946879910407
(13012 13081) 0.9431658400253299
(13012 13082) 0.5859567980481007
(13012 13083) 0.6063180785332475
(13012 13084) 1.1145525564420677
(13013 13001) 0.8952269909001761
(13013 13002) 1.124062046670602
(13013 13003) 0.43866879189903724
(13013 13004) 1.2550766391177937
(13013 13005) 0.34248988195627134
(13013 13006) 1.224355964478527
(13013 13007) 1.1561152696417165
(13013 13008) 0.8824585614837337
(13013 13009) 1.741901106938202
(13013 13010) 0.38057760559267734
(13013 13011) 1.5103775539670172
(13013 13012) 1.049727152063279
(13013 13013) 0.0
(13013 13014) 1.527725704042138
(13013 13015) 1.6583208347950587
(13013 13016) 1.1212717696413765
(13013 13017) 1.1168036892125555
(13013 13018) 1.4845266338487033
(13013 13019) 1.6103598163757102
(13013 13020) 1.7803555852342787
(13013 13021) 0.5935100760155991
(13013 13022) 1.4032415728650884
(13013 13023) 1.4895238918755778
(13013 13024) 1.6515192730219277
(13013 13025) 1.359394464790818
(13013 13026) 1.4526648202816526
(13013 13027) 1.4542838712803139
(13013 13028) 1.60735134606903
(13013 13029) 0.28070589393856193
(13013 13030) 1.5309846449409028
(13013 13031) 1.5554350468057112
(13013 13032) 1.0065826679287904
(13013 13033) 1.1317524175471327
(13013 13034) 1.8399189621540926
(13013 13035) 0.2743106369457407
(13013 13036) 1.479625220006142
(13013 13037) 1.635691094554292
(13013 13038) 1.64449305998561
(13013 13039) 1.5418534324738422
(13013 13040) 1.642430702267476
(13013 13041) 0.9531023301186622
(13013 13042) 1.5244328781056575
(13013 13043) 1.2304835586576734
(13013 13044) 0.37695877173872433
(13013 13045) 1.5735101812600896
(13013 13046) 1.436702612400722
(13013 13047) 0.8434501799579371
(13013 13048) 1.3673667983850448
(13013 13049) 1.603693192213705
(13013 13050) 0.8973128935190257
(13013 13051) 0.6992985149052425
(13013 13052) 0.9225015261311509
(13013 13053) 1.6352026044537755
(13013 13054) 1.5682896085322402
(13013 13055) 0.36440080633632876
(13013 13056) 0.4382081837020359
(13013 13057) 0.29615595667495215
(13013 13058) 1.545508703675052
(13013 13059) 1.3343670144118456
(13013 13060) 1.3962511127874346
(13013 13061) 0.28856931686448983
(13013 13062) 1.7836628536025825
(13013 13063) 0.2145254398985859
(13013 13064) 1.5878821395022202
(13013 13065) 1.1526373821190563
(13013 13066) 0.32965145576087307
(13013 13067) 1.2947562379278426
(13013 13068) 0.8424595333998964
(13013 13069) 0.21817325939225782
(13013 13070) 1.6581933186872935
(13013 13071) 1.7477035136685495
(13013 13072) 0.3425990737428922
(13013 13073) 1.6169003930140098
(13013 13074) 1.0799420672049347
(13013 13075) 0.2581867755782562
(13013 13076) 1.1484299894749839
(13013 13077) 1.114591654104735
(13013 13078) 1.1579283927768684
(13013 13079) 1.5771304696375543
(13013 13080) 0.8229656074658773
(13013 13081) 0.24468835150834975
(13013 13082) 1.0927762063988968
(13013 13083) 1.1114701473055284
(13013 13084) 1.4797476667652592
(13014 13001) 0.7134109347879367
(13014 13002) 0.6170692727012773
(13014 13003) 1.2077495450753286
(13014 13004) 0.3760921414331872
(13014 13005) 1.3110659208445945
(13014 13006) 0.49442597758493784
(13014 13007) 0.4287441815923394
(13014 13008) 0.9005963648910383
