!n: Number of areas
n: 35
!I: Set if areas
I: [17001 17002 17003 17004 17005 17006 17007 17008 17009 17010 17011 17012 17013 17014 17015 17016 17017 17018 17019 17020 17021 17022 17023 17024 17025 17026 17027 17028 17029 17030 17031 17032 17033 17034 17035 ]
!p: Number of regions
p: 5
!K: Set of regions
K: [1 2 3 4 5 ]
!N: Node Neighbor Set
N: [
(17001) [17005 17014 17017 17021]
(17002) [17006 17026 17027 17029 17030]
(17003) [17010 17013 17019]
(17004) [17006 17010 17013 17019 17024 17025 17029 17030 17033]
(17005) [17001 17014 17015 17021]
(17006) [17002 17004 17029 17030]
(17007) [17008 17009 17011 17015 17018 17020]
(17008) [17007 17011 17018 17024 17028 17029]
(17009) [17007 17020]
(17010) [17003 17004 17013 17033]
(17011) [17007 17008 17020 17029]
(17012) [17017 17025 17031 17035]
(17013) [17003 17004 17010 17019]
(17014) [17001 17005 17015 17017 17021 17034]
(17015) [17005 17007 17014 17018 17034]
(17016) [17022 17030 17032]
(17017) [17001 17012 17014 17025 17034 17035]
(17018) [17007 17008 17015 17028 17034]
(17019) [17003 17004 17013 17025]
(17020) [17007 17009 17011 17023 17026 17029]
(17021) [17001 17005 17014]
(17022) [17016 17032]
(17023) [17020 17026 17027]
(17024) [17004 17008 17025 17028 17029 17031 17035]
(17025) [17004 17012 17017 17019 17024 17031]
(17026) [17002 17020 17023 17027 17029]
(17027) [17002 17023 17026]
(17028) [17008 17018 17024 17034 17035]
(17029) [17002 17004 17006 17008 17011 17020 17024 17026]
(17030) [17002 17004 17006 17016 17032 17033]
(17031) [17012 17024 17025 17035]
(17032) [17016 17022 17030 17033]
(17033) [17004 17010 17030 17032]
(17034) [17014 17015 17017 17018 17028 17035]
(17035) [17012 17017 17024 17028 17031 17034]
]
!d(i,j): distance list
d: [
(17001 17001) 0.0
(17001 17002) 0.5136465460793405
(17001 17003) 0.7193146981802758
(17001 17004) 1.48157551237432
(17001 17005) 0.6337706650758244
(17001 17006) 0.9553846124278434
(17001 17007) 0.9085757973599399
(17001 17008) 1.1981284687699645
(17001 17009) 0.769177021926586
(17001 17010) 0.5706202149384643
(17001 17011) 1.4715285049154025
(17001 17012) 0.9512060865421442
(17001 17013) 0.863444887399959
(17001 17014) 1.3635836342514065
(17001 17015) 0.74551819026263
(17001 17016) 0.6802025498475315
(17001 17017) 0.7721149701300397
(17001 17018) 0.5570429030293063
(17001 17019) 0.6026473661620877
(17001 17020) 1.133952775806392
(17001 17021) 1.395922122832115
(17001 17022) 0.7176458313510533
(17001 17023) 0.49959271125836746
(17001 17024) 0.9773525065815595
(17001 17025) 0.7990288019448737
(17001 17026) 0.6308095922949846
(17001 17027) 0.5643793116124233
(17001 17028) 1.2020330187153256
(17001 17029) 0.8478638083435421
(17001 17030) 1.3950482152332764
(17001 17031) 1.188736696253224
(17001 17032) 0.751416814739083
(17001 17033) 1.1606505010689314
(17001 17034) 0.6529821582437618
(17001 17035) 0.7574084058818893
(17002 17001) 0.5136465460793405
(17002 17002) 0.0
(17002 17003) 0.8129361298316861
(17002 17004) 1.5241577876697427
(17002 17005) 0.7338663912929785
(17002 17006) 0.8853058338211314
(17002 17007) 0.7190281850094855
(17002 17008) 1.2418328719350042
(17002 17009) 0.8227260725214219
(17002 17010) 0.8392966610332285
(17002 17011) 1.4641659640565567
(17002 17012) 0.7904003990597942
(17002 17013) 0.7595726196408278
(17002 17014) 1.3655699990631338
(17002 17015) 0.8004158171853042
(17002 17016) 0.7037353403629989
(17002 17017) 0.6470086242941844
(17002 17018) 0.5991705002454762
(17002 17019) 0.6933634998943229
(17002 17020) 0.9110332895517953
(17002 17021) 1.2746214754471046
(17002 17022) 0.7871378934928455
(17002 17023) 0.7583655236341663
(17002 17024) 0.8945658398371663
(17002 17025) 0.7539629799960957
(17002 17026) 0.8292869266534989
(17002 17027) 0.7239379407037001
(17002 17028) 0.9405070503698543
(17002 17029) 0.6540724927464698
(17002 17030) 1.265364288352126
(17002 17031) 1.1463286119058818
(17002 17032) 0.697936556004431
(17002 17033) 1.0705493897356373
(17002 17034) 0.6619810904206078
(17002 17035) 0.9832886902998108
(17003 17001) 0.7193146981802758
(17003 17002) 0.8129361298316861
(17003 17003) 0.0
(17003 17004) 1.6141637574655203
(17003 17005) 0.6007128510925772
(17003 17006) 0.8320356150965685
(17003 17007) 0.7934885245873737
(17003 17008) 1.2864504508269374
(17003 17009) 0.6202180150496057
(17003 17010) 0.2668841998464299
(17003 17011) 1.5863164594330632
(17003 17012) 0.4271966814152676
(17003 17013) 0.6786886176297708
(17003 17014) 1.166535492515026
(17003 17015) 0.5404667606751585
(17003 17016) 0.5652089165644335
(17003 17017) 0.5560323629329268
(17003 17018) 0.301533760136261
(17003 17019) 0.48325228480763227
(17003 17020) 0.9027266322328155
(17003 17021) 1.2693429424649583
(17003 17022) 0.5978094771770504
(17003 17023) 0.5762940345318112
(17003 17024) 0.6326369563305906
(17003 17025) 0.7226415745801386
(17003 17026) 0.5595709876972512
(17003 17027) 0.5325033445971572
(17003 17028) 1.0462064292659365
(17003 17029) 0.6911952675441647
(17003 17030) 1.413739859160725
(17003 17031) 1.2337261963202262
(17003 17032) 0.7054202566074227
(17003 17033) 1.2107599569452652
(17003 17034) 0.7000700280239924
(17003 17035) 0.7577445275456007
(17004 17001) 1.48157551237432
(17004 17002) 1.5241577876697427
(17004 17003) 1.6141637574655203
(17004 17004) 0.0
(17004 17005) 1.6038134641578248
(17004 17006) 0.9949630636818526
(17004 17007) 1.2232129719528222
(17004 17008) 0.4868558894387232
(17004 17009) 1.6534129693518202
(17004 17010) 1.5735609254113152
(17004 17011) 0.09591925548983278
(17004 17012) 1.7217463220817697
(17004 17013) 1.4169107930576301
(17004 17014) 1.2129814290458525
(17004 17015) 1.589971442893461
(17004 17016) 1.1899613262528204
(17004 17017) 1.118835549814968
(17004 17018) 1.4790764441543551
(17004 17019) 1.3587395345507631
(17004 17020) 1.3490130707828285
(17004 17021) 1.3758366385626508
(17004 17022) 1.4594030998054903
(17004 17023) 1.3256107642811656
(17004 17024) 1.6098470677565155
(17004 17025) 1.5602694958988135
(17004 17026) 1.602555152519834
(17004 17027) 1.4283125336600888
(17004 17028) 0.8690928148348926
(17004 17029) 1.431827677074887
(17004 17030) 0.2902339737058161
(17004 17031) 0.4037899645668236
(17004 17032) 1.3736387586697745
(17004 17033) 0.46277065861284483
(17004 17034) 1.1270742438121883
(17004 17035) 1.7093328830918775
(17005 17001) 0.6337706650758244
(17005 17002) 0.7338663912929785
(17005 17003) 0.6007128510925772
(17005 17004) 1.6038134641578248
(17005 17005) 0.0
(17005 17006) 1.0116000414326272
(17005 17007) 0.8773766671495173
(17005 17008) 1.3153964182697908
(17005 17009) 0.5415788583411918
(17005 17010) 0.4267440330666434
(17005 17011) 1.5485641333055864
(17005 17012) 0.8342684502188544
(17005 17013) 0.5833205205302573
(17005 17014) 1.0096476316712935
(17005 17015) 0.48215941229367476
(17005 17016) 0.6313481092481488
(17005 17017) 0.7117101435109343
(17005 17018) 0.5015817037150462
(17005 17019) 0.4070530103493579
(17005 17020) 0.6347899726853787
(17005 17021) 0.986498909700227
(17005 17022) 0.5397084130298352
(17005 17023) 0.48061830518348153
(17005 17024) 0.769773758116276
(17005 17025) 0.3148208332583803
(17005 17026) 0.252289429076302
(17005 17027) 0.335477067161067
(17005 17028) 0.9729152750926707
(17005 17029) 0.3758025559290099
(17005 17030) 1.3960694567150296
(17005 17031) 1.2184582047211159
(17005 17032) 0.4647711716821312
(17005 17033) 1.1510225487260373
(17005 17034) 0.5858727194411995
(17005 17035) 0.7457748140174406
(17006 17001) 0.9553846124278434
(17006 17002) 0.8853058338211314
(17006 17003) 0.8320356150965685
(17006 17004) 0.9949630636818526
(17006 17005) 1.0116000414326272
(17006 17006) 0.0
(17006 17007) 0.47288369272061437
(17006 17008) 0.6286021820335763
(17006 17009) 1.0538957500642618
(17006 17010) 0.8699377210801078
(17006 17011) 0.9609672774287208
(17006 17012) 0.8753425347106163
(17006 17013) 0.7281555171852598
(17006 17014) 0.9763580383835443
(17006 17015) 0.9560819310846584
(17006 17016) 0.5208213555082801
(17006 17017) 0.41376575702908613
(17006 17018) 0.6710433116701814
(17006 17019) 0.6567373028474927
(17006 17020) 0.7345337873639752
(17006 17021) 0.9927984149404203
(17006 17022) 0.8369426375674189
(17006 17023) 0.7407618930487098
(17006 17024) 0.8219725876444876
(17006 17025) 0.8678143302921172
(17006 17026) 1.025056704191211
(17006 17027) 0.8190408066561146
(17006 17028) 0.5129146718676547
(17006 17029) 0.7282471805133602
(17006 17030) 0.7824045173233437
(17006 17031) 0.6199752953354182
(17006 17032) 0.7748119614434545
(17006 17033) 0.5956383950066448
(17006 17034) 0.5802242217844457
(17006 17035) 1.1193920037576874
(17007 17001) 0.9085757973599399
(17007 17002) 0.7190281850094855
(17007 17003) 0.7934885245873737
(17007 17004) 1.2232129719528222
(17007 17005) 0.8773766671495173
(17007 17006) 0.47288369272061437
(17007 17007) 0.0
(17007 17008) 0.8442492050697723
(17007 17009) 0.9371391661275332
(17007 17010) 0.8259154516202969
(17007 17011) 1.2500774359468998
(17007 17012) 0.7131293756590151
(17007 17013) 0.6009605987259529
(17007 17014) 1.0291481316531734
(17007 17015) 0.8621507996284926
(17007 17016) 0.5541060436189813
(17007 17017) 0.48938476925006724
(17007 17018) 0.571093092563137
(17007 17019) 0.6028721983520571
(17007 17020) 0.6721659211002955
(17007 17021) 1.0025553528760849
(17007 17022) 0.6860816073528249
(17007 17023) 0.6592904636796848
(17007 17024) 0.7667930311099694
(17007 17025) 0.8689225844837951
(17007 17026) 0.9198074197891171
(17007 17027) 0.7046392055031709
(17007 17028) 0.7250506661764743
(17007 17029) 0.5639929612271821
(17007 17030) 1.040786701628443
(17007 17031) 0.911869940998603
(17007 17032) 0.6869076307772926
(17007 17033) 0.8868228344852626
(17007 17034) 0.6431045152974836
(17007 17035) 1.0517271660086622
(17008 17001) 1.1981284687699645
(17008 17002) 1.2418328719350042
(17008 17003) 1.2864504508269374
(17008 17004) 0.4868558894387232
(17008 17005) 1.3153964182697908
(17008 17006) 0.6286021820335763
(17008 17007) 0.8442492050697723
(17008 17008) 0.0
(17008 17009) 1.4004113766425992
(17008 17010) 1.2304738995965048
(17008 17011) 0.5173093583528259
(17008 17012) 1.3551591294423921
(17008 17013) 1.1142632772662746
(17008 17014) 1.093475463445353
(17008 17015) 1.30035422224198
(17008 17016) 0.8705484574038237
(17008 17017) 0.7938151037006209
(17008 17018) 1.1252210722499063
(17008 17019) 1.0038471908255844
(17008 17020) 1.0779482840070809
(17008 17021) 1.2955118884022694
(17008 17022) 1.0255103228045968
(17008 17023) 1.0359314340142973
(17008 17024) 1.2896220663336582
(17008 17025) 1.2858308427874536
(17008 17026) 1.3172573747378917
(17008 17027) 1.1453545944392851
(17008 17028) 0.5812514555982687
(17008 17029) 1.1374418089031388
(17008 17030) 0.38120487926602187
(17008 17031) 0.284551157529199
(17008 17032) 1.097573674926435
(17008 17033) 0.34970262978388533
(17008 17034) 0.8673765123602004
(17008 17035) 1.4081764533767571
(17009 17001) 0.769177021926586
(17009 17002) 0.8227260725214219
(17009 17003) 0.6202180150496057
(17009 17004) 1.6534129693518202
(17009 17005) 0.5415788583411918
(17009 17006) 1.0538957500642618
(17009 17007) 0.9371391661275332
(17009 17008) 1.4004113766425992
(17009 17009) 0.0
(17009 17010) 0.5871757605661698
(17009 17011) 1.5947264824910443
(17009 17012) 0.8476117751583304
(17009 17013) 0.8504236494243886
(17009 17014) 1.4193082251848517
(17009 17015) 0.6633757375820867
(17009 17016) 0.7814354641618794
(17009 17017) 0.7426826704910696
(17009 17018) 0.6104007538710401
(17009 17019) 0.6916856259166835
(17009 17020) 0.9824219057458963
(17009 17021) 1.3740105721342997
(17009 17022) 0.7969466368569104
(17009 17023) 0.467112520685295
(17009 17024) 0.5534549960944352
(17009 17025) 0.7315400696130305
(17009 17026) 0.4019434385911819
(17009 17027) 0.6307390883777297
(17009 17028) 1.0522467148125205
(17009 17029) 0.7583123646692623
(17009 17030) 1.393777156448567
(17009 17031) 1.2884234411760942
(17009 17032) 0.7065474275847416
(17009 17033) 1.2127211666408138
(17009 17034) 0.7568614783735532
(17009 17035) 0.6344437181041241
(17010 17001) 0.5706202149384643
(17010 17002) 0.8392966610332285
(17010 17003) 0.2668841998464299
(17010 17004) 1.5735609254113152
(17010 17005) 0.4267440330666434
(17010 17006) 0.8699377210801078
(17010 17007) 0.8259154516202969
(17010 17008) 1.2304738995965048
(17010 17009) 0.5871757605661698
(17010 17010) 0.0
(17010 17011) 1.5496018582008138
(17010 17012) 0.5518214633491183
(17010 17013) 0.6116453408860578
(17010 17014) 1.0528296025731754
(17010 17015) 0.4418402581040842
(17010 17016) 0.46058084393900395
(17010 17017) 0.6582319354004349
(17010 17018) 0.34556104789966224
(17010 17019) 0.3373394974827061
(17010 17020) 0.9087023035352751
(17010 17021) 1.167805806110795
(17010 17022) 0.4019285797715801
(17010 17023) 0.4809704224877016
(17010 17024) 0.6398132724574562
(17010 17025) 0.5965057250644545
(17010 17026) 0.4091370414126704
(17010 17027) 0.33809534013496423
(17010 17028) 1.0334415431687058
(17010 17029) 0.6257419422103528
(17010 17030) 1.4120550153897613
(17010 17031) 1.1960145878221906
(17010 17032) 0.5282920809422542
(17010 17033) 1.1661389844719035
(17010 17034) 0.5646238690425437
(17010 17035) 0.70973346626595
(17011 17001) 1.4715285049154025
(17011 17002) 1.4641659640565567
(17011 17003) 1.5863164594330632
(17011 17004) 0.09591925548983278
(17011 17005) 1.5485641333055864
(17011 17006) 0.9609672774287208
(17011 17007) 1.2500774359468998
(17011 17008) 0.5173093583528259
(17011 17009) 1.5947264824910443
(17011 17010) 1.5496018582008138
(17011 17011) 0.0
(17011 17012) 1.6916993893934877
(17011 17013) 1.3903489130675675
(17011 17014) 1.2431906202609282
(17011 17015) 1.5374919968878233
(17011 17016) 1.1696607825993264
(17011 17017) 1.0913247246313327
(17011 17018) 1.4518334940071076
(17011 17019) 1.3341254051163782
(17011 17020) 1.2887419774302022
(17011 17021) 1.3547026874736956
(17011 17022) 1.4997386434128068
(17011 17023) 1.3099916103145461
(17011 17024) 1.589575855924825
(17011 17025) 1.505259930117937
(17011 17026) 1.5774852003196043
(17011 17027) 1.4080114277490723
(17011 17028) 0.8098464883414669
(17011 17029) 1.3654055924380195
(17011 17030) 0.2637935517035783
(17011 17031) 0.379133889935029
(17011 17032) 1.317064643703314
(17011 17033) 0.4104816416581315
(17011 17034) 1.105499244058587
(17011 17035) 1.6887785153747208
(17012 17001) 0.9512060865421442
(17012 17002) 0.7904003990597942
(17012 17003) 0.4271966814152676
(17012 17004) 1.7217463220817697
(17012 17005) 0.8342684502188544
(17012 17006) 0.8753425347106163
(17012 17007) 0.7131293756590151
(17012 17008) 1.3551591294423921
(17012 17009) 0.8476117751583304
(17012 17010) 0.5518214633491183
(17012 17011) 1.6916993893934877
(17012 17012) 0.0
(17012 17013) 0.7323548365496263
(17012 17014) 1.2500999790491238
(17012 17015) 0.7292677782839564
(17012 17016) 0.6497965048094754
(17012 17017) 0.6311027361344227
(17012 17018) 0.5254120774607024
(17012 17019) 0.669471281672886
(17012 17020) 0.9814119887988949
(17012 17021) 1.1583815530688844
(17012 17022) 0.6927993745209882
(17012 17023) 0.8686778661488188
(17012 17024) 0.663197270982996
(17012 17025) 0.8823704102333085
(17012 17026) 0.8152126346927433
(17012 17027) 0.7731034860267824
(17012 17028) 1.1160225833616924
(17012 17029) 0.7597589817797286
(17012 17030) 1.5097896205449044
(17012 17031) 1.3283508755466424
(17012 17032) 0.8157608955276368
(17012 17033) 1.3191322948017479
(17012 17034) 0.800784947611019
(17012 17035) 0.9087332875679688
(17013 17001) 0.863444887399959
(17013 17002) 0.7595726196408278
(17013 17003) 0.6786886176297708
(17013 17004) 1.4169107930576301
(17013 17005) 0.5833205205302573
(17013 17006) 0.7281555171852598
(17013 17007) 0.6009605987259529
(17013 17008) 1.1142632772662746
(17013 17009) 0.8504236494243886
(17013 17010) 0.6116453408860578
(17013 17011) 1.3903489130675675
(17013 17012) 0.7323548365496263
(17013 17013) 0.0
(17013 17014) 0.9947718843919573
(17013 17015) 0.4479101831809849
(17013 17016) 0.5375621688925466
(17013 17017) 0.5147349856110972
(17013 17018) 0.5726889294130464
(17013 17019) 0.4089716572344087
(17013 17020) 0.583205605506352
(17013 17021) 0.814673854766743
(17013 17022) 0.4719735075443321
(17013 17023) 0.6597324145748279
(17013 17024) 0.6394914287824455
(17013 17025) 0.5550438218876245
(17013 17026) 0.6128057270140388
(17013 17027) 0.3793837416075496
(17013 17028) 0.8150409937434423
(17013 17029) 0.391615663673792
(17013 17030) 1.220531702859645
(17013 17031) 1.0461045709727101
(17013 17032) 0.5093024354600698
(17013 17033) 1.0202042200621497
(17013 17034) 0.595095261962586
(17013 17035) 1.037815293927421
(17014 17001) 1.3635836342514065
(17014 17002) 1.3655699990631338
(17014 17003) 1.166535492515026
(17014 17004) 1.2129814290458525
(17014 17005) 1.0096476316712935
(17014 17006) 0.9763580383835443
(17014 17007) 1.0291481316531734
(17014 17008) 1.093475463445353
(17014 17009) 1.4193082251848517
(17014 17010) 1.0528296025731754
(17014 17011) 1.2431906202609282
(17014 17012) 1.2500999790491238
(17014 17013) 0.9947718843919573
(17014 17014) 0.0
(17014 17015) 1.2829719477211012
(17014 17016) 0.7984196639400286
(17014 17017) 0.9374178515748663
(17014 17018) 1.1082767910645779
(17014 17019) 0.8368165731985037
(17014 17020) 0.5446338974419469
(17014 17021) 0.8349327934145127
(17014 17022) 0.9997036330182045
(17014 17023) 1.0963786334965373
(17014 17024) 1.1529557898917948
(17014 17025) 0.8982165505011392
(17014 17026) 1.1457764087107183
(17014 17027) 0.9777780421598465
(17014 17028) 1.0364196875553573
(17014 17029) 0.9210416130165563
(17014 17030) 1.2099415567158653
(17014 17031) 1.1332588064911806
(17014 17032) 0.9949233953522998
(17014 17033) 1.168178689609069
(17014 17034) 0.938415738877978
(17014 17035) 1.5402978297962342
(17015 17001) 0.74551819026263
(17015 17002) 0.8004158171853042
(17015 17003) 0.5404667606751585
(17015 17004) 1.589971442893461
(17015 17005) 0.48215941229367476
(17015 17006) 0.9560819310846584
(17015 17007) 0.8621507996284926
(17015 17008) 1.30035422224198
(17015 17009) 0.6633757375820867
(17015 17010) 0.4418402581040842
(17015 17011) 1.5374919968878233
(17015 17012) 0.7292677782839564
(17015 17013) 0.4479101831809849
(17015 17014) 1.2829719477211012
(17015 17015) 0.0
(17015 17016) 0.582385746567971
(17015 17017) 0.6172774930618659
(17015 17018) 0.5202689407789528
(17015 17019) 0.480167644459524
(17015 17020) 0.8587486351473957
(17015 17021) 1.0487844116035252
(17015 17022) 0.5624592378528139
(17015 17023) 0.608941928453473
(17015 17024) 0.8054238186347393
(17015 17025) 0.578450248632353
(17015 17026) 0.5189166731205586
(17015 17027) 0.4228301159259486
(17015 17028) 1.0000883663226947
(17015 17029) 0.5886561078744535
(17015 17030) 1.3972264118173248
(17015 17031) 1.205706465962497
(17015 17032) 0.4775267208930182
(17015 17033) 1.1510473181837493
(17015 17034) 0.5701031204028977
(17015 17035) 0.8561829124684048
(17016 17001) 0.6802025498475315
(17016 17002) 0.7037353403629989
(17016 17003) 0.5652089165644335
(17016 17004) 1.1899613262528204
(17016 17005) 0.6313481092481488
(17016 17006) 0.5208213555082801
(17016 17007) 0.5541060436189813
(17016 17008) 0.8705484574038237
(17016 17009) 0.7814354641618794
(17016 17010) 0.46058084393900395
(17016 17011) 1.1696607825993264
(17016 17012) 0.6497965048094754
(17016 17013) 0.5375621688925466
(17016 17014) 0.7984196639400286
(17016 17015) 0.582385746567971
(17016 17016) 0.0
(17016 17017) 0.29674271738506813
(17016 17018) 0.4681897026048126
(17016 17019) 0.25558666881454606
(17016 17020) 0.7064680928042145
(17016 17021) 0.9122313353631925
(17016 17022) 0.43514034382733874
(17016 17023) 0.3965175090906848
(17016 17024) 0.6827201233993736
(17016 17025) 0.5957736785927722
(17016 17026) 0.6348470934097218
(17016 17027) 0.3757850761262061
(17016 17028) 0.6824326806072876
(17016 17029) 0.507779968601845
(17016 17030) 1.0415241992802138
(17016 17031) 0.8302309512825465
(17016 17032) 0.3367361586955342
(17016 17033) 0.7821910258502585
(17016 17034) 0.22657310672823605
(17016 17035) 0.8521205117039724
(17017 17001) 0.7721149701300397
(17017 17002) 0.6470086242941844
(17017 17003) 0.5560323629329268
(17017 17004) 1.118835549814968
(17017 17005) 0.7117101435109343
(17017 17006) 0.41376575702908613
(17017 17007) 0.48938476925006724
(17017 17008) 0.7938151037006209
(17017 17009) 0.7426826704910696
(17017 17010) 0.6582319354004349
(17017 17011) 1.0913247246313327
(17017 17012) 0.6311027361344227
(17017 17013) 0.5147349856110972
(17017 17014) 0.9374178515748663
(17017 17015) 0.6172774930618659
(17017 17016) 0.29674271738506813
(17017 17017) 0.0
(17017 17018) 0.4671685448151693
(17017 17019) 0.4245970933475419
(17017 17020) 0.6436397543908333
(17017 17021) 1.0229191433036278
(17017 17022) 0.6265947540153493
(17017 17023) 0.46514817426262667
(17017 17024) 0.7363632023977115
(17017 17025) 0.6771538694119293
(17017 17026) 0.7189831155440387
(17017 17027) 0.5473876816003186
(17017 17028) 0.567388979359918
(17017 17029) 0.5180109096618577
(17017 17030) 0.9175287822622222
(17017 17031) 0.728852909032761
(17017 17032) 0.48873341976879114
(17017 17033) 0.7177684892759095
(17017 17034) 0.2548689746732467
(17017 17035) 0.908507366178215
(17018 17001) 0.5570429030293063
(17018 17002) 0.5991705002454762
(17018 17003) 0.301533760136261
(17018 17004) 1.4790764441543551
(17018 17005) 0.5015817037150462
(17018 17006) 0.6710433116701814
(17018 17007) 0.571093092563137
(17018 17008) 1.1252210722499063
(17018 17009) 0.6104007538710401
(17018 17010) 0.34556104789966224
(17018 17011) 1.4518334940071076
(17018 17012) 0.5254120774607024
(17018 17013) 0.5726889294130464
(17018 17014) 1.1082767910645779
(17018 17015) 0.5202689407789528
(17018 17016) 0.4681897026048126
(17018 17017) 0.4671685448151693
(17018 17018) 0.0
(17018 17019) 0.33859816484898414
(17018 17020) 0.797312652415405
(17018 17021) 1.1850673913882679
(17018 17022) 0.5198980841431011
(17018 17023) 0.4525222406905663
(17018 17024) 0.6309517273122173
(17018 17025) 0.6065633249331693
(17018 17026) 0.5397801462374462
(17018 17027) 0.4343618877932279
(17018 17028) 0.8422856185980856
(17018 17029) 0.5424000208417543
(17018 17030) 1.2671197426174896
(17018 17031) 1.1027516408271734
(17018 17032) 0.5856110327428791
(17018 17033) 1.0793267488939151
(17018 17034) 0.5844667696987624
(17018 17035) 0.7436192981334997
(17019 17001) 0.6026473661620877
(17019 17002) 0.6933634998943229
(17019 17003) 0.48325228480763227
(17019 17004) 1.3587395345507631
(17019 17005) 0.4070530103493579
(17019 17006) 0.6567373028474927
(17019 17007) 0.6028721983520571
(17019 17008) 1.0038471908255844
(17019 17009) 0.6916856259166835
(17019 17010) 0.3373394974827061
(17019 17011) 1.3341254051163782
(17019 17012) 0.669471281672886
(17019 17013) 0.4089716572344087
(17019 17014) 0.8368165731985037
(17019 17015) 0.480167644459524
(17019 17016) 0.25558666881454606
(17019 17017) 0.4245970933475419
(17019 17018) 0.33859816484898414
(17019 17019) 0.0
(17019 17020) 0.6211123397317045
(17019 17021) 0.9217560900252806
(17019 17022) 0.3377196925399279
(17019 17023) 0.36854271563595675
(17019 17024) 0.5789304111067701
(17019 17025) 0.41988919955149995
(17019 17026) 0.42971069934622863
(17019 17027) 0.24584226270381726
(17019 17028) 0.7902687502378747
(17019 17029) 0.36504654636603806
(17019 17030) 1.192001064225086
(17019 17031) 0.9640740095656513
(17019 17032) 0.27135701409755825
(17019 17033) 0.9458219705915104
(17019 17034) 0.36789429253199746
(17019 17035) 0.8124528420658839
(17020 17001) 1.133952775806392
(17020 17002) 0.9110332895517953
(17020 17003) 0.9027266322328155
(17020 17004) 1.3490130707828285
(17020 17005) 0.6347899726853787
(17020 17006) 0.7345337873639752
(17020 17007) 0.6721659211002955
(17020 17008) 1.0779482840070809
(17020 17009) 0.9824219057458963
(17020 17010) 0.9087023035352751
(17020 17011) 1.2887419774302022
(17020 17012) 0.9814119887988949
(17020 17013) 0.583205605506352
(17020 17014) 0.5446338974419469
(17020 17015) 0.8587486351473957
(17020 17016) 0.7064680928042145
(17020 17017) 0.6436397543908333
(17020 17018) 0.797312652415405
(17020 17019) 0.6211123397317045
(17020 17020) 0.0
(17020 17021) 0.7068129355338808
(17020 17022) 0.7952336546868624
(17020 17023) 0.8036103553846157
(17020 17024) 0.8310330282020053
(17020 17025) 0.4915562993282366
(17020 17026) 0.7984134738645764
(17020 17027) 0.6537484005992128
(17020 17028) 0.7167667191217787
(17020 17029) 0.43540654572136767
(17020 17030) 1.1035269385909585
(17020 17031) 0.9826374486603697
(17020 17032) 0.6427970592267974
(17020 17033) 0.9238723610863372
(17020 17034) 0.7192609148634099
(17020 17035) 1.2566732062830952
(17021 17001) 1.395922122832115
(17021 17002) 1.2746214754471046
(17021 17003) 1.2693429424649583
(17021 17004) 1.3758366385626508
(17021 17005) 0.986498909700227
(17021 17006) 0.9927984149404203
(17021 17007) 1.0025553528760849
(17021 17008) 1.2955118884022694
(17021 17009) 1.3740105721342997
(17021 17010) 1.167805806110795
(17021 17011) 1.3547026874736956
(17021 17012) 1.1583815530688844
(17021 17013) 0.814673854766743
(17021 17014) 0.8349327934145127
(17021 17015) 1.0487844116035252
(17021 17016) 0.9122313353631925
(17021 17017) 1.0229191433036278
(17021 17018) 1.1850673913882679
(17021 17019) 0.9217560900252806
(17021 17020) 0.7068129355338808
(17021 17021) 0.0
(17021 17022) 0.9941275608544979
(17021 17023) 1.0973732870516077
(17021 17024) 1.1496444625532698
(17021 17025) 0.793768338859046
(17021 17026) 1.1137839529854554
(17021 17027) 0.8600801552422258
(17021 17028) 1.0435514190141735
(17021 17029) 0.75025571090012
(17021 17030) 1.280857651560521
(17021 17031) 1.268264889288398
(17021 17032) 0.7967454794675563
(17021 17033) 1.2280229597039902
(17021 17034) 0.9652613504787281
(17021 17035) 1.5502911635030354
(17022 17001) 0.7176458313510533
(17022 17002) 0.7871378934928455
(17022 17003) 0.5978094771770504
(17022 17004) 1.4594030998054903
(17022 17005) 0.5397084130298352
(17022 17006) 0.8369426375674189
(17022 17007) 0.6860816073528249
(17022 17008) 1.0255103228045968
(17022 17009) 0.7969466368569104
(17022 17010) 0.4019285797715801
(17022 17011) 1.4997386434128068
(17022 17012) 0.6927993745209882
(17022 17013) 0.4719735075443321
(17022 17014) 0.9997036330182045
(17022 17015) 0.5624592378528139
(17022 17016) 0.43514034382733874
(17022 17017) 0.6265947540153493
(17022 17018) 0.5198980841431011
(17022 17019) 0.3377196925399279
(17022 17020) 0.7952336546868624
(17022 17021) 0.9941275608544979
(17022 17022) 0.0
(17022 17023) 0.6452615511449195
(17022 17024) 0.5648003928224632
(17022 17025) 0.534985478176078
(17022 17026) 0.5491885895529325
(17022 17027) 0.3517449525475953
(17022 17028) 0.9830287114753505
(17022 17029) 0.5141406884138368
(17022 17030) 1.3387938325959343
(17022 17031) 1.1489717706259235
(17022 17032) 0.5003121474431697
(17022 17033) 1.1137626464362336
(17022 17034) 0.5270240948370215
(17022 17035) 0.9082266338194955
(17023 17001) 0.49959271125836746
(17023 17002) 0.7583655236341663
(17023 17003) 0.5762940345318112
(17023 17004) 1.3256107642811656
(17023 17005) 0.48061830518348153
(17023 17006) 0.7407618930487098
(17023 17007) 0.6592904636796848
(17023 17008) 1.0359314340142973
(17023 17009) 0.467112520685295
(17023 17010) 0.4809704224877016
(17023 17011) 1.3099916103145461
(17023 17012) 0.8686778661488188
(17023 17013) 0.6597324145748279
(17023 17014) 1.0963786334965373
(17023 17015) 0.608941928453473
(17023 17016) 0.3965175090906848
(17023 17017) 0.46514817426262667
(17023 17018) 0.4525222406905663
(17023 17019) 0.36854271563595675
(17023 17020) 0.8036103553846157
(17023 17021) 1.0973732870516077
(17023 17022) 0.6452615511449195
(17023 17023) 0.0
(17023 17024) 0.8556668553582764
(17023 17025) 0.6443272902877868
(17023 17026) 0.33027261814337966
(17023 17027) 0.38138371345847605
(17023 17028) 0.8623772722998092
(17023 17029) 0.6067927484798973
(17023 17030) 1.1811642128986843
(17023 17031) 0.950262077866868
(17023 17032) 0.45685238645329485
(17023 17033) 0.9162591881516269
(17023 17034) 0.42504759809482906
(17023 17035) 0.5171721559832485
(17024 17001) 0.9773525065815595
(17024 17002) 0.8945658398371663
(17024 17003) 0.6326369563305906
(17024 17004) 1.6098470677565155
(17024 17005) 0.769773758116276
(17024 17006) 0.8219725876444876
(17024 17007) 0.7667930311099694
(17024 17008) 1.2896220663336582
(17024 17009) 0.5534549960944352
(17024 17010) 0.6398132724574562
(17024 17011) 1.589575855924825
(17024 17012) 0.663197270982996
(17024 17013) 0.6394914287824455
(17024 17014) 1.1529557898917948
(17024 17015) 0.8054238186347393
(17024 17016) 0.6827201233993736
(17024 17017) 0.7363632023977115
(17024 17018) 0.6309517273122173
(17024 17019) 0.5789304111067701
(17024 17020) 0.8310330282020053
(17024 17021) 1.1496444625532698
(17024 17022) 0.5648003928224632
(17024 17023) 0.8556668553582764
(17024 17024) 0.0
(17024 17025) 0.7206898537746869
(17024 17026) 0.7167011284709536
(17024 17027) 0.6876225953165412
(17024 17028) 1.0286245553650484
(17024 17029) 0.6750059655957965
(17024 17030) 1.414853945165245
(17024 17031) 1.2357578726446905
(17024 17032) 0.7966644014652338
(17024 17033) 1.2089746869077291
(17024 17034) 0.8126191653722662
(17024 17035) 1.0151691394794078
(17025 17001) 0.7990288019448737
(17025 17002) 0.7539629799960957
(17025 17003) 0.7226415745801386
(17025 17004) 1.5602694958988135
(17025 17005) 0.3148208332583803
(17025 17006) 0.8678143302921172
(17025 17007) 0.8689225844837951
(17025 17008) 1.2858308427874536
(17025 17009) 0.7315400696130305
(17025 17010) 0.5965057250644545
(17025 17011) 1.505259930117937
(17025 17012) 0.8823704102333085
(17025 17013) 0.5550438218876245
(17025 17014) 0.8982165505011392
(17025 17015) 0.578450248632353
(17025 17016) 0.5957736785927722
(17025 17017) 0.6771538694119293
(17025 17018) 0.6065633249331693
(17025 17019) 0.41988919955149995
(17025 17020) 0.4915562993282366
(17025 17021) 0.793768338859046
(17025 17022) 0.534985478176078
(17025 17023) 0.6443272902877868
(17025 17024) 0.7206898537746869
(17025 17025) 0.0
(17025 17026) 0.4940112812761219
(17025 17027) 0.3901678021991199
(17025 17028) 0.9425342733654216
(17025 17029) 0.31539805158176754
(17025 17030) 1.3209212501800813
(17025 17031) 1.1768539435066296
(17025 17032) 0.4492618050736192
(17025 17033) 1.1006266620623848
(17025 17034) 0.5569492047505087
(17025 17035) 0.9717426008761244
(17026 17001) 0.6308095922949846
(17026 17002) 0.8292869266534989
(17026 17003) 0.5595709876972512
(17026 17004) 1.602555152519834
(17026 17005) 0.252289429076302
(17026 17006) 1.025056704191211
(17026 17007) 0.9198074197891171
(17026 17008) 1.3172573747378917
(17026 17009) 0.4019434385911819
(17026 17010) 0.4091370414126704
(17026 17011) 1.5774852003196043
(17026 17012) 0.8152126346927433
(17026 17013) 0.6128057270140388
(17026 17014) 1.1457764087107183
(17026 17015) 0.5189166731205586
(17026 17016) 0.6348470934097218
(17026 17017) 0.7189831155440387
(17026 17018) 0.5397801462374462
(17026 17019) 0.42971069934622863
(17026 17020) 0.7984134738645764
(17026 17021) 1.1137839529854554
(17026 17022) 0.5491885895529325
(17026 17023) 0.33027261814337966
(17026 17024) 0.7167011284709536
(17026 17025) 0.4940112812761219
(17026 17026) 0.0
(17026 17027) 0.33897605132264014
(17026 17028) 1.0605841284416406
(17026 17029) 0.5116452000278552
(17026 17030) 1.4347634614166231
(17026 17031) 1.2154451649847349
(17026 17032) 0.5300041229767882
(17026 17033) 1.1890415562044712
(17026 17034) 0.6124603211220958
(17026 17035) 0.49659720754550696
(17027 17001) 0.5643793116124233
(17027 17002) 0.7239379407037001
(17027 17003) 0.5325033445971572
(17027 17004) 1.4283125336600888
(17027 17005) 0.335477067161067
(17027 17006) 0.8190408066561146
(17027 17007) 0.7046392055031709
(17027 17008) 1.1453545944392851
(17027 17009) 0.6307390883777297
(17027 17010) 0.33809534013496423
(17027 17011) 1.4080114277490723
(17027 17012) 0.7731034860267824
(17027 17013) 0.3793837416075496
(17027 17014) 0.9777780421598465
(17027 17015) 0.4228301159259486
(17027 17016) 0.3757850761262061
(17027 17017) 0.5473876816003186
(17027 17018) 0.4343618877932279
(17027 17019) 0.24584226270381726
(17027 17020) 0.6537484005992128
(17027 17021) 0.8600801552422258
(17027 17022) 0.3517449525475953
(17027 17023) 0.38138371345847605
(17027 17024) 0.6876225953165412
(17027 17025) 0.3901678021991199
(17027 17026) 0.33897605132264014
(17027 17027) 0.0
(17027 17028) 0.8925059202704351
(17027 17029) 0.37596669317197545
(17027 17030) 1.2798754066874822
(17027 17031) 1.0595707460644994
(17027 17032) 0.2818568455183368
(17027 17033) 1.0145477326947747
(17027 17034) 0.3714003028484721
(17027 17035) 0.7416131095621097
(17028 17001) 1.2020330187153256
(17028 17002) 0.9405070503698543
(17028 17003) 1.0462064292659365
(17028 17004) 0.8690928148348926
(17028 17005) 0.9729152750926707
(17028 17006) 0.5129146718676547
(17028 17007) 0.7250506661764743
(17028 17008) 0.5812514555982687
(17028 17009) 1.0522467148125205
(17028 17010) 1.0334415431687058
(17028 17011) 0.8098464883414669
(17028 17012) 1.1160225833616924
(17028 17013) 0.8150409937434423
(17028 17014) 1.0364196875553573
(17028 17015) 1.0000883663226947
(17028 17016) 0.6824326806072876
(17028 17017) 0.567388979359918
(17028 17018) 0.8422856185980856
(17028 17019) 0.7902687502378747
(17028 17020) 0.7167667191217787
(17028 17021) 1.0435514190141735
(17028 17022) 0.9830287114753505
(17028 17023) 0.8623772722998092
(17028 17024) 1.0286245553650484
(17028 17025) 0.9425342733654216
(17028 17026) 1.0605841284416406
(17028 17027) 0.8925059202704351
(17028 17028) 0.0
(17028 17029) 0.7698890876919203
(17028 17030) 0.6141978436264793
(17028 17031) 0.4901907248787475
(17028 17032) 0.760515836392408
(17028 17033) 0.44791057222535735
(17028 17034) 0.6048443308897078
(17028 17035) 1.299787470465673
(17029 17001) 0.8478638083435421
(17029 17002) 0.6540724927464698
(17029 17003) 0.6911952675441647
(17029 17004) 1.431827677074887
(17029 17005) 0.3758025559290099
(17029 17006) 0.7282471805133602
(17029 17007) 0.5639929612271821
(17029 17008) 1.1374418089031388
(17029 17009) 0.7583123646692623
(17029 17010) 0.6257419422103528
(17029 17011) 1.3654055924380195
(17029 17012) 0.7597589817797286
(17029 17013) 0.391615663673792
(17029 17014) 0.9210416130165563
(17029 17015) 0.5886561078744535
(17029 17016) 0.507779968601845
(17029 17017) 0.5180109096618577
(17029 17018) 0.5424000208417543
(17029 17019) 0.36504654636603806
(17029 17020) 0.43540654572136767
(17029 17021) 0.75025571090012
(17029 17022) 0.5141406884138368
(17029 17023) 0.6067927484798973
(17029 17024) 0.6750059655957965
(17029 17025) 0.31539805158176754
(17029 17026) 0.5116452000278552
(17029 17027) 0.37596669317197545
(17029 17028) 0.7698890876919203
(17029 17029) 0.0
(17029 17030) 1.1838330070238223
(17029 17031) 1.0698528476237297
(17029 17032) 0.4284288834060264
(17029 17033) 0.9855287371153446
(17029 17034) 0.5126467507877496
(17029 17035) 0.9955622393932876
(17030 17001) 1.3950482152332764
(17030 17002) 1.265364288352126
(17030 17003) 1.413739859160725
(17030 17004) 0.2902339737058161
(17030 17005) 1.3960694567150296
(17030 17006) 0.7824045173233437
(17030 17007) 1.040786701628443
(17030 17008) 0.38120487926602187
(17030 17009) 1.393777156448567
(17030 17010) 1.4120550153897613
(17030 17011) 0.2637935517035783
(17030 17012) 1.5097896205449044
(17030 17013) 1.220531702859645
(17030 17014) 1.2099415567158653
(17030 17015) 1.3972264118173248
(17030 17016) 1.0415241992802138
(17030 17017) 0.9175287822622222
(17030 17018) 1.2671197426174896
(17030 17019) 1.192001064225086
(17030 17020) 1.1035269385909585
(17030 17021) 1.280857651560521
(17030 17022) 1.3387938325959343
(17030 17023) 1.1811642128986843
(17030 17024) 1.414853945165245
(17030 17025) 1.3209212501800813
(17030 17026) 1.4347634614166231
(17030 17027) 1.2798754066874822
(17030 17028) 0.6141978436264793
(17030 17029) 1.1838330070238223
(17030 17030) 0.0
(17030 17031) 0.2483512858018221
(17030 17032) 1.1258638667103409
(17030 17033) 0.2660372103916405
(17030 17034) 0.9739815583016133
(17030 17035) 1.5593876375281093
(17031 17001) 1.188736696253224
(17031 17002) 1.1463286119058818
(17031 17003) 1.2337261963202262
(17031 17004) 0.4037899645668236
(17031 17005) 1.2184582047211159
(17031 17006) 0.6199752953354182
(17031 17007) 0.911869940998603
(17031 17008) 0.284551157529199
(17031 17009) 1.2884234411760942
(17031 17010) 1.1960145878221906
(17031 17011) 0.379133889935029
(17031 17012) 1.3283508755466424
(17031 17013) 1.0461045709727101
(17031 17014) 1.1332588064911806
(17031 17015) 1.205706465962497
(17031 17016) 0.8302309512825465
(17031 17017) 0.728852909032761
(17031 17018) 1.1027516408271734
(17031 17019) 0.9640740095656513
(17031 17020) 0.9826374486603697
(17031 17021) 1.268264889288398
(17031 17022) 1.1489717706259235
(17031 17023) 0.950262077866868
(17031 17024) 1.2357578726446905
(17031 17025) 1.1768539435066296
(17031 17026) 1.2154451649847349
(17031 17027) 1.0595707460644994
(17031 17028) 0.4901907248787475
(17031 17029) 1.0698528476237297
(17031 17030) 0.2483512858018221
(17031 17031) 0.0
(17031 17032) 0.9977091729099828
(17031 17033) 0.10798851029449108
(17031 17034) 0.7617047673759376
(17031 17035) 1.331594524072308
(17032 17001) 0.751416814739083
(17032 17002) 0.697936556004431
(17032 17003) 0.7054202566074227
(17032 17004) 1.3736387586697745
(17032 17005) 0.4647711716821312
(17032 17006) 0.7748119614434545
(17032 17007) 0.6869076307772926
(17032 17008) 1.097573674926435
(17032 17009) 0.7065474275847416
(17032 17010) 0.5282920809422542
(17032 17011) 1.317064643703314
(17032 17012) 0.8157608955276368
(17032 17013) 0.5093024354600698
(17032 17014) 0.9949233953522998
(17032 17015) 0.4775267208930182
(17032 17016) 0.3367361586955342
(17032 17017) 0.48873341976879114
(17032 17018) 0.5856110327428791
(17032 17019) 0.27135701409755825
(17032 17020) 0.6427970592267974
(17032 17021) 0.7967454794675563
(17032 17022) 0.5003121474431697
(17032 17023) 0.45685238645329485
(17032 17024) 0.7966644014652338
(17032 17025) 0.4492618050736192
(17032 17026) 0.5300041229767882
(17032 17027) 0.2818568455183368
(17032 17028) 0.760515836392408
(17032 17029) 0.4284288834060264
(17032 17030) 1.1258638667103409
(17032 17031) 0.9977091729099828
(17032 17032) 0.0
(17032 17033) 0.9233647676287962
(17032 17034) 0.3180614159939824
(17032 17035) 0.9220084205527106
(17033 17001) 1.1606505010689314
(17033 17002) 1.0705493897356373
(17033 17003) 1.2107599569452652
(17033 17004) 0.46277065861284483
(17033 17005) 1.1510225487260373
(17033 17006) 0.5956383950066448
(17033 17007) 0.8868228344852626
(17033 17008) 0.34970262978388533
(17033 17009) 1.2127211666408138
(17033 17010) 1.1661389844719035
(17033 17011) 0.4104816416581315
(17033 17012) 1.3191322948017479
(17033 17013) 1.0202042200621497
(17033 17014) 1.168178689609069
(17033 17015) 1.1510473181837493
(17033 17016) 0.7821910258502585
(17033 17017) 0.7177684892759095
(17033 17018) 1.0793267488939151
(17033 17019) 0.9458219705915104
(17033 17020) 0.9238723610863372
(17033 17021) 1.2280229597039902
(17033 17022) 1.1137626464362336
(17033 17023) 0.9162591881516269
(17033 17024) 1.2089746869077291
(17033 17025) 1.1006266620623848
(17033 17026) 1.1890415562044712
(17033 17027) 1.0145477326947747
(17033 17028) 0.44791057222535735
(17033 17029) 0.9855287371153446
(17033 17030) 0.2660372103916405
(17033 17031) 0.10798851029449108
(17033 17032) 0.9233647676287962
(17033 17033) 0.0
(17033 17034) 0.7115044073678295
(17033 17035) 1.298247879838325
(17034 17001) 0.6529821582437618
(17034 17002) 0.6619810904206078
(17034 17003) 0.7000700280239924
(17034 17004) 1.1270742438121883
(17034 17005) 0.5858727194411995
(17034 17006) 0.5802242217844457
(17034 17007) 0.6431045152974836
(17034 17008) 0.8673765123602004
(17034 17009) 0.7568614783735532
(17034 17010) 0.5646238690425437
(17034 17011) 1.105499244058587
(17034 17012) 0.800784947611019
(17034 17013) 0.595095261962586
(17034 17014) 0.938415738877978
(17034 17015) 0.5701031204028977
(17034 17016) 0.22657310672823605
(17034 17017) 0.2548689746732467
(17034 17018) 0.5844667696987624
(17034 17019) 0.36789429253199746
(17034 17020) 0.7192609148634099
(17034 17021) 0.9652613504787281
