!n: Number of areas
n: 20
!I: Set if areas
I: [18001 18002 18003 18004 18005 18006 18007 18008 18009 18010 18011 18012 18013 18014 18015 18016 18017 18018 18019 18020 ]
!p: Number of regions
p: 10
!K: Set of regions
K: [1 2 3 4 5 6 7 8 9 10 ]
!N: Node Neighbor Set
N: [
(18001) [18005 18009 18010 18016]
(18002) [18003 18006 18007 18013 18014]
(18003) [18002 18006]
(18004) [18008 18012 18013 18020]
(18005) [18001]
(18006) [18002 18003 18007 18019]
(18007) [18002 18006 18014 18019]
(18008) [18004 18012 18013 18014 18017]
(18009) [18001 18010 18011 18014 18015 18017 18019]
(18010) [18001 18009 18011 18016 18018]
(18011) [18009 18010 18015 18018]
(18012) [18004 18008 18015 18017]
(18013) [18002 18004 18008 18014]
(18014) [18002 18007 18008 18009 18013 18017 18019]
(18015) [18009 18011 18012 18016 18017 18018]
(18016) [18001 18010 18015 18018]
(18017) [18008 18009 18012 18014 18015]
(18018) [18010 18011 18015 18016]
(18019) [18006 18007 18009 18014]
(18020) [18004]
]
!d(i,j): distance list
d: [
(18001 18001) 0.0
(18001 18002) 0.4560744613945609
(18001 18003) 0.6950481249553159
(18001 18004) 0.7726228420911508
(18001 18005) 0.7337087796436296
(18001 18006) 0.5848842754185727
(18001 18007) 1.2900310515939304
(18001 18008) 0.6578077064945419
(18001 18009) 1.5441371398981445
(18001 18010) 1.3445267279681203
(18001 18011) 0.6832022315962617
(18001 18012) 0.6504444210457532
(18001 18013) 0.7138717761916195
(18001 18014) 0.8478699625126943
(18001 18015) 0.46691591266480675
(18001 18016) 0.6291717080441169
(18001 18017) 0.5492145337636836
(18001 18018) 0.6353578665814006
(18001 18019) 1.182663086018434
(18001 18020) 1.4440264298309649
(18002 18001) 0.4560744613945609
(18002 18002) 0.0
(18002 18003) 0.5036465851879366
(18002 18004) 0.7852327978993984
(18002 18005) 0.7011374558608015
(18002 18006) 0.6095246869220383
(18002 18007) 1.096198542049168
(18002 18008) 0.5034056577177087
(18002 18009) 1.632784579874964
(18002 18010) 1.4061671215179714
(18002 18011) 0.7461382875680679
(18002 18012) 0.7414131155241914
(18002 18013) 0.7963125609305687
(18002 18014) 0.7321059636135288
(18002 18015) 0.627688018843626
(18002 18016) 0.7227391150387525
(18002 18017) 0.3230352291006117
(18002 18018) 0.6798511374382481
(18002 18019) 0.9007623025861511
(18002 18020) 1.2759990571575077
(18003 18001) 0.6950481249553159
(18003 18002) 0.5036465851879366
(18003 18003) 0.0
(18003 18004) 0.5100753973611628
(18003 18005) 0.644365043668672
(18003 18006) 0.37789296951085916
(18003 18007) 0.9314344879501395
(18003 18008) 0.45725058692944814
(18003 18009) 1.6374558627963496
(18003 18010) 1.4115603805353483
(18003 18011) 0.567697965541669
(18003 18012) 0.5775040304981134
(18003 18013) 0.6022926360212604
(18003 18014) 1.1463878328088226
(18003 18015) 0.3491448844696802
(18003 18016) 0.41747777842167394
(18003 18017) 0.5891580795250355
(18003 18018) 0.38836319951371595
(18003 18019) 0.7801215177292877
(18003 18020) 1.2156300284534076
(18004 18001) 0.7726228420911508
(18004 18002) 0.7852327978993984
(18004 18003) 0.5100753973611628
(18004 18004) 0.0
(18004 18005) 0.5035189862888335
(18004 18006) 0.4363450111102171
(18004 18007) 1.283096827279023
(18004 18008) 0.5658616389212514
(18004 18009) 1.5479030721483906
(18004 18010) 1.378917831572162
(18004 18011) 0.6071343507569673
(18004 18012) 0.5130153925289973
(18004 18013) 0.4655306821981234
(18004 18014) 1.2285718211570118
(18004 18015) 0.3787712621480307
(18004 18016) 0.3857148731553145
(18004 18017) 0.7768361883072241
(18004 18018) 0.3702830263687066
(18004 18019) 1.107453164840351
(18004 18020) 0.8573699586878756
(18005 18001) 0.7337087796436296
(18005 18002) 0.7011374558608015
(18005 18003) 0.644365043668672
(18005 18004) 0.5035189862888335
(18005 18005) 0.0
(18005 18006) 0.6670880585460791
(18005 18007) 1.116496578567576
(18005 18008) 0.6669388930241389
(18005 18009) 1.6374558627963496
(18005 18010) 1.4430675753773583
(18005 18011) 0.7274432737277047
(18005 18012) 0.7127672579695941
(18005 18013) 0.31937523290966596
(18005 18014) 1.002663603695685
(18005 18015) 0.6401705170427979
(18005 18016) 0.7512543754793479
(18005 18017) 0.7960338030737
(18005 18018) 0.6646164641755227
(18005 18019) 0.9693438065669517
(18005 18020) 0.8601600429890678
(18006 18001) 0.5848842754185727
(18006 18002) 0.6095246869220383
(18006 18003) 0.37789296951085916
(18006 18004) 0.4363450111102171
(18006 18005) 0.6670880585460791
(18006 18006) 0.0
(18006 18007) 1.2512397006392635
(18006 18008) 0.3995273249988866
(18006 18009) 1.5959867219605668
(18006 18010) 1.4044846101529245
(18006 18011) 0.5194272897118242
(18006 18012) 0.6231946811993626
(18006 18013) 0.5955201940284587
(18006 18014) 1.1151694084296908
(18006 18015) 0.21735618462401057
(18006 18016) 0.3971601176149876
(18006 18017) 0.606388164654787
(18006 18018) 0.16486891463160608
(18006 18019) 1.1010026501862442
(18006 18020) 1.213750471486016
(18007 18001) 1.2900310515939304
(18007 18002) 1.096198542049168
(18007 18003) 0.9314344879501395
(18007 18004) 1.283096827279023
(18007 18005) 1.116496578567576
(18007 18006) 1.2512397006392635
(18007 18007) 0.0
(18007 18008) 1.1618233711389494
(18007 18009) 1.832096727350545
(18007 18010) 1.5146252111642728
(18007 18011) 1.2893180220648517
(18007 18012) 1.139438044627094
(18007 18013) 1.1259763543474397
(18007 18014) 1.2299502636901478
(18007 18015) 1.0745282457884715
(18007 18016) 1.149223558137396
(18007 18017) 1.1377284763680717
(18007 18018) 1.2074022058297893
(18007 18019) 0.422665904395549
(18007 18020) 1.4549328308446636
(18008 18001) 0.6578077064945419
(18008 18002) 0.5034056577177087
(18008 18003) 0.45725058692944814
(18008 18004) 0.5658616389212514
(18008 18005) 0.6669388930241389
(18008 18006) 0.3995273249988866
(18008 18007) 1.1618233711389494
(18008 18008) 0.0
(18008 18009) 1.6221602624830875
(18008 18010) 1.4076285102264614
(18008 18011) 0.7520082031432054
(18008 18012) 0.6572865767496414
(18008 18013) 0.7460752258460832
(18008 18014) 1.0052280653699188
(18008 18015) 0.4377778094091309
(18008 18016) 0.5397443617504654
(18008 18017) 0.4550493514141994
(18008 18018) 0.48358684564067317
(18008 18019) 0.9560692455939414
(18008 18020) 1.1677084331202174
(18009 18001) 1.5441371398981445
(18009 18002) 1.632784579874964
(18009 18003) 1.6374558627963496
(18009 18004) 1.5479030721483906
(18009 18005) 1.6374558627963496
(18009 18006) 1.5959867219605668
(18009 18007) 1.832096727350545
(18009 18008) 1.6221602624830875
(18009 18009) 0.0
(18009 18010) 1.6183143565303095
(18009 18011) 1.6147578615218183
(18009 18012) 1.5717484652481823
(18009 18013) 1.5837544519343938
(18009 18014) 1.5760275556702998
(18009 18015) 1.5415906207486894
(18009 18016) 1.5662335358173223
(18009 18017) 1.5819530719928432
(18009 18018) 1.5647377578223383
(18009 18019) 1.8748070903666978
(18009 18020) 1.6108990339572384
(18010 18001) 1.3445267279681203
(18010 18002) 1.4061671215179714
(18010 18003) 1.4115603805353483
(18010 18004) 1.378917831572162
(18010 18005) 1.4430675753773583
(18010 18006) 1.4044846101529245
(18010 18007) 1.5146252111642728
(18010 18008) 1.4076285102264614
(18010 18009) 1.6183143565303095
(18010 18010) 0.0
(18010 18011) 1.4515210607422133
(18010 18012) 0.9918427939494429
(18010 18013) 1.3624646887172815
(18010 18014) 1.4099447340050921
(18010 18015) 1.2533722107304208
(18010 18016) 1.1391717580758398
(18010 18017) 1.4248889383842158
(18010 18018) 1.3733847935856924
(18010 18019) 1.6130827472925582
(18010 18020) 1.4483732051098521
(18011 18001) 0.6832022315962617
(18011 18002) 0.7461382875680679
(18011 18003) 0.567697965541669
(18011 18004) 0.6071343507569673
(18011 18005) 0.7274432737277047
(18011 18006) 0.5194272897118242
(18011 18007) 1.2893180220648517
(18011 18008) 0.7520082031432054
(18011 18009) 1.6147578615218183
(18011 18010) 1.4515210607422133
(18011 18011) 0.0
(18011 18012) 0.6222267234582991
(18011 18013) 0.55540638266099
(18011 18014) 1.230024712882358
(18011 18015) 0.4852909518332632
(18011 18016) 0.5892960958794289
(18011 18017) 0.7741927927744996
(18011 18018) 0.4392307333699128
(18011 18019) 1.1252682307811377
(18011 18020) 1.2151014007808971
(18012 18001) 0.6504444210457532
(18012 18002) 0.7414131155241914
(18012 18003) 0.5775040304981134
(18012 18004) 0.5130153925289973
(18012 18005) 0.7127672579695941
(18012 18006) 0.6231946811993626
(18012 18007) 1.139438044627094
(18012 18008) 0.6572865767496414
(18012 18009) 1.5717484652481823
(18012 18010) 0.9918427939494429
(18012 18011) 0.6222267234582991
(18012 18012) 0.0
(18012 18013) 0.567453598164172
(18012 18014) 1.1550553883594379
(18012 18015) 0.4188043126769711
(18012 18016) 0.37963011475028957
(18012 18017) 0.7951533414491398
(18012 18018) 0.5498665758047864
(18012 18019) 1.0471064885003578
(18012 18020) 1.11083699841296
(18013 18001) 0.7138717761916195
(18013 18002) 0.7963125609305687
(18013 18003) 0.6022926360212604
(18013 18004) 0.4655306821981234
(18013 18005) 0.31937523290966596
(18013 18006) 0.5955201940284587
(18013 18007) 1.1259763543474397
(18013 18008) 0.7460752258460832
(18013 18009) 1.5837544519343938
(18013 18010) 1.3624646887172815
(18013 18011) 0.55540638266099
(18013 18012) 0.567453598164172
(18013 18013) 0.0
(18013 18014) 1.09834906421544
(18013 18015) 0.5020537566213172
(18013 18016) 0.6193188163098995
(18013 18017) 0.8780094778690692
(18013 18018) 0.5169965443177844
(18013 18019) 0.9811124751093103
(18013 18020) 0.9853565495534149
(18014 18001) 0.8478699625126943
(18014 18002) 0.7321059636135288
(18014 18003) 1.1463878328088226
(18014 18004) 1.2285718211570118
(18014 18005) 1.002663603695685
(18014 18006) 1.1151694084296908
(18014 18007) 1.2299502636901478
(18014 18008) 1.0052280653699188
(18014 18009) 1.5760275556702998
(18014 18010) 1.4099447340050921
(18014 18011) 1.230024712882358
(18014 18012) 1.1550553883594379
(18014 18013) 1.09834906421544
(18014 18014) 0.0
(18014 18015) 1.0706273786154759
(18014 18016) 1.2238445625885346
(18014 18017) 0.9159539606035868
(18014 18018) 1.152803187178537
(18014 18019) 1.2370032023668582
(18014 18020) 1.3923562940637049
(18015 18001) 0.46691591266480675
(18015 18002) 0.627688018843626
(18015 18003) 0.3491448844696802
(18015 18004) 0.3787712621480307
(18015 18005) 0.6401705170427979
(18015 18006) 0.21735618462401057
(18015 18007) 1.0745282457884715
(18015 18008) 0.4377778094091309
(18015 18009) 1.5415906207486894
(18015 18010) 1.2533722107304208
(18015 18011) 0.4852909518332632
(18015 18012) 0.4188043126769711
(18015 18013) 0.5020537566213172
(18015 18014) 1.0706273786154759
(18015 18015) 0.0
(18015 18016) 0.2008631262848644
(18015 18017) 0.6514058897140952
(18015 18018) 0.18286700631012293
(18015 18019) 1.0567527373387513
(18015 18020) 1.1934844981261876
(18016 18001) 0.6291717080441169
(18016 18002) 0.7227391150387525
(18016 18003) 0.41747777842167394
(18016 18004) 0.3857148731553145
(18016 18005) 0.7512543754793479
(18016 18006) 0.3971601176149876
(18016 18007) 1.149223558137396
(18016 18008) 0.5397443617504654
(18016 18009) 1.5662335358173223
(18016 18010) 1.1391717580758398
(18016 18011) 0.5892960958794289
(18016 18012) 0.37963011475028957
(18016 18013) 0.6193188163098995
(18016 18014) 1.2238445625885346
(18016 18015) 0.2008631262848644
(18016 18016) 0.0
(18016 18017) 0.7639796457985977
(18016 18018) 0.30198364695075386
(18016 18019) 1.1320869366357658
(18016 18020) 1.1544924020621452
(18017 18001) 0.5492145337636836
(18017 18002) 0.3230352291006117
(18017 18003) 0.5891580795250355
(18017 18004) 0.7768361883072241
(18017 18005) 0.7960338030737
(18017 18006) 0.606388164654787
(18017 18007) 1.1377284763680717
(18017 18008) 0.4550493514141994
(18017 18009) 1.5819530719928432
(18017 18010) 1.4248889383842158
(18017 18011) 0.7741927927744996
(18017 18012) 0.7951533414491398
(18017 18013) 0.8780094778690692
(18017 18014) 0.9159539606035868
(18017 18015) 0.6514058897140952
(18017 18016) 0.7639796457985977
(18017 18017) 0.0
(18017 18018) 0.7069929869103369
(18017 18019) 0.9707288402925939
(18017 18020) 1.164706411623228
(18018 18001) 0.6353578665814006
(18018 18002) 0.6798511374382481
(18018 18003) 0.38836319951371595
(18018 18004) 0.3702830263687066
(18018 18005) 0.6646164641755227
(18018 18006) 0.16486891463160608
(18018 18007) 1.2074022058297893
(18018 18008) 0.48358684564067317
(18018 18009) 1.5647377578223383
(18018 18010) 1.3733847935856924
(18018 18011) 0.4392307333699128
(18018 18012) 0.5498665758047864
(18018 18013) 0.5169965443177844
(18018 18014) 1.152803187178537
(18018 18015) 0.18286700631012293
(18018 18016) 0.30198364695075386
(18018 18017) 0.7069929869103369
(18018 18018) 0.0
(18018 18019) 1.0874205251752331
(18018 18020) 1.1823747162999796
(18019 18001) 1.182663086018434
(18019 18002) 0.9007623025861511
(18019 18003) 0.7801215177292877
(18019 18004) 1.107453164840351
(18019 18005) 0.9693438065669517
(18019 18006) 1.1010026501862442
(18019 18007) 0.422665904395549
(18019 18008) 0.9560692455939414
(18019 18009) 1.8748070903666978
(18019 18010) 1.6130827472925582
(18019 18011) 1.1252682307811377
(18019 18012) 1.0471064885003578
(18019 18013) 0.9811124751093103
(18019 18014) 1.2370032023668582
(18019 18015) 1.0567527373387513
(18019 18016) 1.1320869366357658
(18019 18017) 0.9707288402925939
(18019 18018) 1.0874205251752331
(18019 18019) 0.0
(18019 18020) 1.44464922507412
(18020 18001) 1.4440264298309649
(18020 18002) 1.2759990571575077
(18020 18003) 1.2156300284534076
(18020 18004) 0.8573699586878756
(18020 18005) 0.8601600429890678
(18020 18006) 1.213750471486016
(18020 18007) 1.4549328308446636
(18020 18008) 1.1677084331202174
(18020 18009) 1.6108990339572384
(18020 18010) 1.4483732051098521
(18020 18011) 1.2151014007808971
(18020 18012) 1.11083699841296
(18020 18013) 0.9853565495534149
(18020 18014) 1.3923562940637049
(18020 18015) 1.1934844981261876
(18020 18016) 1.1544924020621452
(18020 18017) 1.164706411623228
(18020 18018) 1.1823747162999796
(18020 18019) 1.44464922507412
(18020 18020) 0.0
]
