!n: Number of areas
n: 51
!I: Set if areas
I: [19001 19002 19003 19004 19005 19006 19007 19008 19009 19010 19011 19012 19013 19014 19015 19016 19017 19018 19019 19020 19021 19022 19023 19024 19025 19026 19027 19028 19029 19030 19031 19032 19033 19034 19035 19036 19037 19038 19039 19040 19041 19042 19043 19044 19045 19046 19047 19048 19049 19050 19051 ]
!p: Number of regions
p: 10
!K: Set of regions
K: [1 2 3 4 5 6 7 8 9 10 ]
!N: Node Neighbor Set
N: [
(19001) [19010 19021 19047]
(19002) [19011 19023 19040 19044 19045 19050]
(19003) [19013 19015 19023 19027]
(19004) [19009 19038 19049]
(19005) [19032 19050]
(19006) [19021 19025 19026 19031 19041 19045 19046]
(19007) [19014 19017 19024 19030]
(19008) [19032 19037 19051]
(19009) [19004 19022 19031 19038 19039 19041 19042 19049]
(19010) [19001 19021 19045 19047]
(19011) [19002 19016 19023 19027 19028 19034 19035 19042 19045]
(19012) [19025 19028 19045]
(19013) [19003 19015 19020 19022 19027 19042]
(19014) [19007 19017 19024 19036]
(19015) [19003 19013 19020]
(19016) [19011 19034 19041 19042]
(19017) [19007 19014 19030 19043]
(19018) [19021 19037 19039 19047 19048]
(19019) [19039 19048]
(19020) [19013 19015]
(19021) [19001 19006 19010 19018 19039 19045 19046 19047]
(19022) [19009 19013 19033 19038 19042]
(19023) [19002 19003 19011 19027 19035]
(19024) [19007 19014]
(19025) [19006 19012 19028 19034 19041 19045]
(19026) [19006 19031 19039 19046]
(19027) [19003 19011 19013 19023 19035 19042]
(19028) [19011 19012 19025 19034 19045]
(19029) [19033]
(19030) [19007 19017 19033 19043]
(19031) [19006 19009 19026 19039 19041]
(19032) [19005 19008 19044 19050 19051]
(19033) [19022 19029 19030 19038 19043]
(19034) [19011 19016 19025 19028 19041]
(19035) [19011 19023 19027]
(19036) [19014]
(19037) [19008 19018 19045 19047 19051]
(19038) [19004 19009 19022 19033 19043 19049]
(19039) [19009 19018 19019 19021 19026 19031 19046 19048 19049]
(19040) [19002 19050]
(19041) [19006 19009 19016 19025 19031 19034 19042]
(19042) [19009 19011 19013 19016 19022 19027 19041]
(19043) [19017 19030 19033 19038 19049]
(19044) [19002 19032 19045 19050 19051]
(19045) [19002 19006 19010 19011 19012 19021 19025 19028 19037 19044 19047 19051]
(19046) [19006 19021 19026 19039]
(19047) [19001 19010 19018 19021 19037 19045]
(19048) [19018 19019 19039 19049]
(19049) [19004 19009 19038 19039 19043 19048]
(19050) [19002 19005 19032 19040 19044]
(19051) [19008 19032 19037 19044 19045]
]
!d(i,j): distance list
d: [
(19001 19001) 0.0
(19001 19002) 1.543820597127253
(19001 19003) 1.9895527385064904
(19001 19004) 1.70572387954559
(19001 19005) 0.26517925849138513
(19001 19006) 0.4321366314214199
(19001 19007) 1.698523934518625
(19001 19008) 1.1115976057463837
(19001 19009) 0.13604398322706848
(19001 19010) 0.06605858359740267
(19001 19011) 1.9559405833986285
(19001 19012) 0.32403415152558274
(19001 19013) 1.819331362155234
(19001 19014) 1.452534199939461
(19001 19015) 1.3860871619056307
(19001 19016) 0.010874995026716157
(19001 19017) 1.9291208565263491
(19001 19018) 0.24024248972711976
(19001 19019) 1.7056313776409318
(19001 19020) 1.5537240905763658
(19001 19021) 0.24743298522430252
(19001 19022) 1.5818404650107583
(19001 19023) 1.9895527385064902
(19001 19024) 1.6234242827559178
(19001 19025) 0.2061545711770252
(19001 19026) 0.6553329872581385
(19001 19027) 1.6126438989340477
(19001 19028) 1.9895527385064902
(19001 19029) 1.4546331920157594
(19001 19030) 1.7082522198861134
(19001 19031) 0.9478244319049941
(19001 19032) 1.2438020112478443
(19001 19033) 0.900553540060746
(19001 19034) 0.0075196941659634664
(19001 19035) 1.9897743528480771
(19001 19036) 0.987884016167377
(19001 19037) 1.6574631842380327
(19001 19038) 0.6028222092070713
(19001 19039) 1.5020827221154442
(19001 19040) 1.7998633514420905
(19001 19041) 0.02859642581307364
(19001 19042) 1.6005283261067067
(19001 19043) 1.7422092501742492
(19001 19044) 0.7395261680566645
(19001 19045) 0.469864431860136
(19001 19046) 0.48473711519652957
(19001 19047) 1.5932331834135525
(19001 19048) 0.4371813488156885
(19001 19049) 1.4721388626051373
(19001 19050) 1.988921185189694
(19001 19051) 0.5330622653861441
(19002 19001) 1.543820597127253
(19002 19002) 0.0
(19002 19003) 1.0852368678339703
(19002 19004) 1.4397587132807512
(19002 19005) 1.4012776325626932
(19002 19006) 1.460455188269224
(19002 19007) 0.5243276915401786
(19002 19008) 0.45633460450871866
(19002 19009) 1.5224435344684366
(19002 19010) 1.5244145889995915
(19002 19011) 1.7169678741965275
(19002 19012) 1.4305085507685604
(19002 19013) 0.9685473480976614
(19002 19014) 0.484334368828045
(19002 19015) 0.40807029997233113
(19002 19016) 1.532945602100537
(19002 19017) 1.197270068037925
(19002 19018) 1.4550193947056431
(19002 19019) 1.4776282005742196
(19002 19020) 0.34201630890759266
(19002 19021) 1.452224519591472
(19002 19022) 0.6379386374384441
(19002 19023) 1.0852368678339703
(19002 19024) 0.4280281610477987
(19002 19025) 1.4977886416271264
(19002 19026) 1.2332782616905045
(19002 19027) 0.2842099101959729
(19002 19028) 1.0852368678339703
(19002 19029) 0.4573393911244694
(19002 19030) 0.5758064820885433
(19002 19031) 0.8858186945448945
(19002 19032) 1.3497938122194355
(19002 19033) 1.0318985505793217
(19002 19034) 1.5403434737348431
(19002 19035) 1.1375877699760022
(19002 19036) 0.7113604165262888
(19002 19037) 0.427984388779708
(19002 19038) 1.342521835229149
(19002 19039) 1.3034975073421522
(19002 19040) 0.7033078748959807
(19002 19041) 1.5417562635312392
(19002 19042) 0.5433412974306048
(19002 19043) 0.26064694615523526
(19002 19044) 1.1714984960388257
(19002 19045) 1.4605502174502396
(19002 19046) 1.3565557241899064
(19002 19047) 0.8427175795333608
(19002 19048) 1.463744085309755
(19002 19049) 0.7360591216624888
(19002 19050) 0.877594340997796
(19002 19051) 1.0230590185931263
(19003 19001) 1.9895527385064904
(19003 19002) 1.0852368678339703
(19003 19003) 0.0
(19003 19004) 1.7535516319173192
(19003 19005) 1.883112749560449
(19003 19006) 1.9256726638719297
(19003 19007) 0.7071475533013994
(19003 19008) 1.1104709909964257
(19003 19009) 1.9713833106972196
(19003 19010) 1.975489798237213
(19003 19011) 1.775573914693251
(19003 19012) 1.8907437413832437
(19003 19013) 1.2789679210610418
(19003 19014) 1.1166302412093116
(19003 19015) 1.0743531775935695
(19003 19016) 1.9808824284760387
(19003 19017) 1.3503144754159098
(19003 19018) 1.908763401240917
(19003 19019) 1.8314440166434318
(19003 19020) 1.1282854186349935
(19003 19021) 1.9120612402233694
(19003 19022) 1.2167142731310792
(19003 19023) 0.2552891072036618
(19003 19024) 0.6951600512163894
(19003 19025) 1.9481965621966464
(19003 19026) 1.7285711134811523
(19003 19027) 0.8010269576379975
(19003 19028) 0.5759837925032589
(19003 19029) 0.8394019773330118
(19003 19030) 0.509430385745427
(19003 19031) 1.4174990816271498
(19003 19032) 1.8324535572193854
(19003 19033) 1.5542626419249836
(19003 19034) 1.9885026371723389
(19003 19035) 0.37692716640085067
(19003 19036) 1.0922876006674889
(19003 19037) 0.7288605256528676
(19003 19038) 1.8208268568146662
(19003 19039) 1.7991580714352189
(19003 19040) 0.38192899293798965
(19003 19041) 1.9876161136317827
(19003 19042) 0.6327146745854986
(19003 19043) 0.8245899216787351
(19003 19044) 1.6789576229565542
(19003 19045) 1.9121979692013575
(19003 19046) 1.8325607399247397
(19003 19047) 1.2477620942408376
(19003 19048) 1.9205353108960717
(19003 19049) 1.3747693440232451
(19003 19050) 0.37692716640085056
(19003 19051) 1.6087617563241574
(19004 19001) 1.70572387954559
(19004 19002) 1.4397587132807512
(19004 19003) 1.7535516319173192
(19004 19004) 0.0
(19004 19005) 1.4470815579227232
(19004 19006) 1.3409314746082996
(19004 19007) 1.3088142603361943
(19004 19008) 1.4235311656613443
(19004 19009) 1.5718980725203784
(19004 19010) 1.6398869102897744
(19004 19011) 1.0296160377272454
(19004 19012) 1.3816897280200076
(19004 19013) 1.0826955546196637
(19004 19014) 1.2570242650633257
(19004 19015) 1.4397587132807512
(19004 19016) 1.694848884518874
(19004 19017) 1.4997817258291
(19004 19018) 1.5375375614916598
(19004 19019) 1.3428483935172755
(19004 19020) 1.3953180434954044
(19004 19021) 1.4853442539951978
(19004 19022) 0.9059582285978297
(19004 19023) 1.7535516319173194
(19004 19024) 1.4033716589243315
(19004 19025) 1.545692137461966
(19004 19026) 1.2042857196674412
(19004 19027) 1.4397587132807512
(19004 19028) 1.7535516319173192
(19004 19029) 1.4385244379050546
(19004 19030) 1.4422870536212737
(19004 19031) 1.237305665576766
(19004 19032) 0.46888541224279023
(19004 19033) 1.160889596631279
(19004 19034) 1.6984096382430423
(19004 19035) 1.7958355253516833
(19004 19036) 1.3799570622864272
(19004 19037) 1.463783442620882
(19004 19038) 1.3402315309434651
(19004 19039) 1.2681161652546873
(19004 19040) 1.533898185177251
(19004 19041) 1.680468976611714
(19004 19042) 1.3772534283655438
(19004 19043) 1.4762440839094095
(19004 19044) 1.0941089947552507
(19004 19045) 1.3634948326887806
(19004 19046) 1.3065504620039023
(19004 19047) 0.807168435508211
(19004 19048) 1.352477589513749
(19004 19049) 0.9674263832120631
(19004 19050) 1.7650182980176323
(19004 19051) 1.4309909361901585
(19005 19001) 0.26517925849138513
(19005 19002) 1.4012776325626932
(19005 19003) 1.883112749560449
(19005 19004) 1.4470815579227232
(19005 19005) 0.0
(19005 19006) 0.242080827868778
(19005 19007) 1.5416874338404771
(19005 19008) 0.962671023430755
(19005 19009) 0.20623340140263866
(19005 19010) 0.20893524100612149
(19005 19011) 1.712840309626241
(19005 19012) 0.1136090654113979
(19005 19013) 1.6635367593259127
(19005 19014) 1.2771867360772517
(19005 19015) 1.2435441973410708
(19005 19016) 0.25430426346466894
(19005 19017) 1.7478177225955904
(19005 19018) 0.13174790020660748
(19005 19019) 1.492279000933402
(19005 19020) 1.3971454064577487
(19005 19021) 0.08427240444026955
(19005 19022) 1.336972234290469
(19005 19023) 1.883112749560449
(19005 19024) 1.472540819595395
(19005 19025) 0.12780814895196008
(19005 19026) 0.4044567586499408
(19005 19027) 1.4701009343694877
(19005 19028) 1.883112749560449
(19005 19029) 1.3197340116023162
(19005 19030) 1.5657092553215535
(19005 19031) 0.7212485338934197
(19005 19032) 1.0081237758577501
(19005 19033) 0.699134788706529
(19005 19034) 0.25786501718883714
(19005 19035) 1.9024044716554611
(19005 19036) 0.875060409470267
(19005 19037) 1.5328175278712997
(19005 19038) 0.4109244450792408
(19005 19039) 1.2795763627790722
(19005 19040) 1.6573203868775304
(19005 19041) 0.24234812109828952
(19005 19042) 1.4477318374954367
(19005 19043) 1.599666285609689
(19005 19044) 0.4776781835389449
(19005 19045) 0.28633213149744746
(19005 19046) 0.2742025870285514
(19005 19047) 1.3483649526932633
(19005 19048) 0.2514260011599663
(19005 19049) 1.2188368229088224
(19005 19050) 1.8654483283785595
(19005 19051) 0.38413568307051543
(19006 19001) 0.4321366314214199
(19006 19002) 1.460455188269224
(19006 19003) 1.9256726638719297
(19006 19004) 1.3409314746082996
(19006 19005) 0.242080827868778
(19006 19006) 0.0
(19006 19007) 1.4885588828506178
(19006 19008) 1.0120046492689476
(19006 19009) 0.2999824179217916
(19006 19010) 0.3662996621656038
(19006 19011) 1.6099770852498845
(19006 19012) 0.17907746030182228
(19006 19013) 1.5998740273442562
(19006 19014) 1.2131457708192148
(19006 19015) 1.3027217530476014
(19006 19016) 0.4212616363947037
(19006 19017) 1.7010676685625445
(19006 19018) 0.22464074262929926
(19006 19019) 1.4226607686423414
(19006 19020) 1.3911478745774033
(19006 19021) 0.1988900364629256
(19006 19022) 1.228546335503779
(19006 19023) 1.9256726638719295
(19006 19024) 1.5021075294676711
(19006 19025) 0.23109824393652234
(19006 19026) 0.30840613107724774
(19006 19027) 1.5292784900760186
(19006 19028) 1.9256726638719295
(19006 19029) 1.356850356383223
(19006 19030) 1.6248868110280843
(19006 19031) 0.6337906802090516
(19006 19032) 0.9104892379273137
(19006 19033) 0.5877764741616713
(19006 19034) 0.424822390118872
(19006 19035) 1.9318433522068268
(19006 19036) 0.8333850632044407
(19006 19037) 1.5777994900569292
(19006 19038) 0.3427950882029252
(19006 19039) 1.1766658300624793
(19006 19040) 1.7164979425840614
(19006 19041) 0.40688172848754356
(19006 19042) 1.4617974955978652
(19006 19043) 1.6588438413162199
(19006 19044) 0.37242091165778984
(19006 19045) 0.10264124249283527
(19006 19046) 0.15225096687563786
(19006 19047) 1.2396705723815824
(19006 19048) 0.08455239584918531
(19006 19049) 1.0834352827797873
(19006 19050) 1.9115048503249752
(19006 19051) 0.4373961696760976
(19007 19001) 1.698523934518625
(19007 19002) 0.5243276915401786
(19007 19003) 0.7071475533013994
(19007 19004) 1.3088142603361943
(19007 19005) 1.5416874338404771
(19007 19006) 1.4885588828506178
(19007 19007) 0.0
(19007 19008) 0.5869263287722412
(19007 19009) 1.5955338034722149
(19007 19010) 1.6623339690604773
(19007 19011) 1.576851112195474
(19007 19012) 1.5589100961116449
(19007 19013) 0.8490239396924993
(19007 19014) 0.4920323066217076
(19007 19015) 0.6280975801583302
(19007 19016) 1.687648939491909
(19007 19017) 1.0819528698191772
(19007 19018) 1.5583020095538451
(19007 19019) 1.3699774618355718
(19007 19020) 0.5143014697740239
(19007 19021) 1.5474437056731398
(19007 19022) 0.5833428100348399
(19007 19023) 0.7735436821383987
(19007 19024) 0.21586027310837716
(19007 19025) 1.606056444702247
(19007 19026) 1.242537914746165
(19007 19027) 0.2700418393744728
(19007 19028) 0.7648767708699213
(19007 19029) 0.3296314649099796
(19007 19030) 0.30898138118015195
(19007 19031) 0.9041211000004139
(19007 19032) 1.4018626046685705
(19007 19033) 1.0491057674321806
(19007 19034) 1.6912096932160772
(19007 19035) 0.8951817413355876
(19007 19036) 0.7114930860096309
(19007 19037) 0.32086503240349384
(19007 19038) 1.37076016100854
(19007 19039) 1.3170012627317425
(19007 19040) 0.3252185603634099
(19007 19041) 1.6872107813513941
(19007 19042) 0.28464145927740236
(19007 19043) 0.3073660610405674
(19007 19044) 1.2079681669293885
(19007 19045) 1.5148882649650983
(19007 19046) 1.3655641929872457
(19007 19047) 0.7565967122169456
(19007 19048) 1.4929260203427612
(19007 19049) 0.7609057146927826
(19007 19050) 0.6351883123573815
(19007 19051) 1.165461669132481
(19008 19001) 1.1115976057463837
(19008 19002) 0.45633460450871866
(19008 19003) 1.1104709909964257
(19008 19004) 1.4235311656613443
(19008 19005) 0.962671023430755
(19008 19006) 1.0120046492689476
(19008 19007) 0.5869263287722412
(19008 19008) 0.0
(19008 19009) 1.0739929954681608
(19008 19010) 1.0762150280971012
(19008 19011) 1.6928562610686784
(19008 19012) 0.9820580117682847
(19008 19013) 0.9472192404918108
(19008 19014) 0.3689363585124036
(19008 19015) 0.4970520896180636
(19008 19016) 1.1007226107196675
(19008 19017) 1.1778129898187375
(19008 19018) 1.006568855705367
(19008 19019) 1.4614006529548131
(19008 19020) 0.47025077767901063
(19008 19021) 1.0037739805911958
(19008 19022) 0.6215285705348027
(19008 19023) 1.1104709909964257
(19008 19024) 0.5118266770095343
(19008 19025) 1.0493381026268502
(19008 19026) 0.7848277226902286
(19008 19027) 0.5172738408070707
(19008 19028) 1.1104709909964257
(19008 19029) 0.40326862238343913
(19008 19030) 0.6128821617591363
(19008 19031) 0.4373681555446185
(19008 19032) 1.03354767872062
(19008 19033) 0.5834480115790456
(19008 19034) 1.1046083144432828
(19008 19035) 1.1707059586469
(19008 19036) 0.2550258120175702
(19008 19037) 0.6221064794199435
(19008 19038) 0.8940712962288727
(19008 19039) 1.2455320847109363
(19008 19040) 0.7285419980584361
(19008 19041) 1.1007258888585203
(19008 19042) 0.5523478729736535
(19008 19043) 0.6468391920472721
(19008 19044) 0.7230479570385497
(19008 19045) 1.012099678449964
(19008 19046) 0.9081051851896298
(19008 19047) 0.8186059664055116
(19008 19048) 1.0152935463094788
(19008 19049) 0.6481498395209666
(19008 19050) 0.9535644803716048
(19008 19051) 0.5785353403602397
(19009 19001) 0.13604398322706848
(19009 19002) 1.5224435344684366
(19009 19003) 1.9713833106972196
(19009 19004) 1.5718980725203784
(19009 19005) 0.20623340140263866
(19009 19006) 0.2999824179217916
(19009 19007) 1.5955338034722149
(19009 19008) 1.0739929954681608
(19009 19009) 0.0
(19009 19010) 0.08390076664067353
(19009 19011) 1.8297288803452258
(19009 19012) 0.2517475135932608
(19009 19013) 1.7114889205787298
(19009 19014) 1.3412914693802203
(19009 19015) 1.3647100992468146
(19009 19016) 0.1251689882003523
(19009 19017) 1.8106746580425768
(19009 19018) 0.15271198454855284
(19009 19019) 1.5838664281000152
(19009 19020) 1.5050501733169366
(19009 19021) 0.15477085553194783
(19009 19022) 1.4546655489307896
(19009 19023) 1.9713833106972196
(19009 19024) 1.5689134417443302
(19009 19025) 0.1388106620959686
(19009 19026) 0.5192890040310701
(19009 19027) 1.5912668362752316
(19009 19028) 1.9713833106972196
(19009 19029) 1.4251642731272391
(19009 19030) 1.6868751572272969
(19009 19031) 0.8117804486779259
(19009 19032) 1.120056353570169
(19009 19033) 0.7645095568336773
(19009 19034) 0.1287297419245205
(19009 19035) 1.9814437687595567
(19009 19036) 0.8913886479986773
(19009 19037) 1.6449617522734006
(19009 19038) 0.4720109624404981
(19009 19039) 1.3660387388883761
(19009 19040) 1.778486288783274
(19009 19041) 0.11086490121214324
(19009 19042) 1.5249374963246227
(19009 19043) 1.7208321875154327
(19009 19044) 0.603482184829596
(19009 19045) 0.33857044317614926
(19009 19046) 0.34869313196946106
(19009 19047) 1.466058267333584
(19009 19048) 0.3018338904954262
(19009 19049) 1.336094879378069
(19009 19050) 1.9773829662516282
(19009 19051) 0.4993845158753106
(19010 19001) 0.06605858359740267
(19010 19002) 1.5244145889995915
(19010 19003) 1.975489798237213
(19010 19004) 1.6398869102897744
(19010 19005) 0.20893524100612149
(19010 19006) 0.3662996621656038
(19010 19007) 1.6623339690604773
(19010 19008) 1.0762150280971012
(19010 19009) 0.08390076664067353
(19010 19010) 0.0
(19010 19011) 1.890743572685282
(19010 19012) 0.25883714081223635
(19010 19013) 1.783781355239556
(19010 19014) 1.4163442344813133
(19010 19015) 1.3666811537779693
(19010 19016) 0.05608170302873005
(19010 19017) 1.8845388185308722
(19010 19018) 0.1776892432188976
(19010 19019) 1.6397944083851153
(19010 19020) 1.5175341251182182
(19010 19021) 0.18159601596848646
(19010 19022) 1.5166434542974114
(19010 19023) 1.975489798237213
(19010 19024) 1.5874017465641657
(19010 19025) 0.14098489058931093
(19010 19026) 0.5894960180023222
(19010 19027) 1.5932378908063862
(19010 19028) 1.975489798237213
(19010 19029) 1.4188615707584948
(19010 19030) 1.6888462117584515
(19010 19031) 0.881987462649178
(19010 19032) 1.1787724298008928
(19010 19033) 0.8395627645895168
(19010 19034) 0.060157417225473346
(19010 19035) 1.975489798237213
(19010 19036) 0.9578445063764788
(19010 19037) 1.6378355617687845
(19010 19038) 0.5478223255499894
(19010 19039) 1.4362457528596282
(19010 19040) 1.7804573433144286
(19010 19041) 0.047528137577469584
(19010 19042) 1.5649783191910285
(19010 19043) 1.7228032420465875
(19010 19044) 0.6736891988008485
(19010 19045) 0.40402746260431993
(19010 19046) 0.41890014594071356
(19010 19047) 1.528036172700206
(19010 19048) 0.37134437955987254
(19010 19049) 1.4063018933493219
(19010 19050) 1.9692935627204458
(19010 19051) 0.5013555704064653
(19011 19001) 1.9559405833986285
(19011 19002) 1.7169678741965275
(19011 19003) 1.775573914693251
(19011 19004) 1.0296160377272454
(19011 19005) 1.712840309626241
(19011 19006) 1.6099770852498845
(19011 19007) 1.576851112195474
(19011 19008) 1.6928562610686784
(19011 19009) 1.8297288803452258
(19011 19010) 1.890743572685282
(19011 19011) 0.0
(19011 19012) 1.636913420048707
(19011 19013) 1.0085270828158424
(19011 19014) 1.548478439053942
(19011 19015) 1.6842396959818786
(19011 19016) 1.9450655883719123
(19011 19017) 1.5789317232294102
(19011 19018) 1.8019350496362863
(19011 19019) 1.6301411435274784
(19011 19020) 1.6650426715975237
(19011 19021) 1.7494727706450237
(19011 19022) 1.1580373321348763
(19011 19023) 1.7755739146932508
(19011 19024) 1.6566427200005314
(19011 19025) 1.8012983951404447
(19011 19026) 1.554951276997304
(19011 19027) 1.6842396959818784
(19011 19028) 1.775573914693251
(19011 19029) 1.7500361626209902
(19011 19030) 1.6925488019285506
(19011 19031) 1.5729215594877841
(19011 19032) 1.2074152325727732
(19011 19033) 1.4871642393438687
(19011 19034) 1.9486263420960805
(19011 19035) 1.8606529950499318
(19011 19036) 1.6521960489153964
(19011 19037) 1.7693187763385592
(19011 19038) 1.6627564029786026
(19011 19039) 1.5923162640134847
(19011 19040) 1.6842396959818786
(19011 19041) 1.9313572565371648
(19011 19042) 1.6277108020649291
(19011 19043) 1.6842396959818784
(19011 19044) 1.41110638771988
(19011 19045) 1.619749351052441
(19011 19046) 1.61038816369818
(19011 19047) 1.1419168204218613
(19011 19048) 1.617914706218909
(19011 19049) 1.3253537316929567
(19011 19050) 1.802077763788038
(19011 19051) 1.7182671058136025
(19012 19001) 0.32403415152558274
(19012 19002) 1.4305085507685604
(19012 19003) 1.8907437413832437
(19012 19004) 1.3816897280200076
(19012 19005) 0.1136090654113979
(19012 19006) 0.17907746030182228
(19012 19007) 1.5589100961116449
(19012 19008) 0.9820580117682847
(19012 19009) 0.2517475135932608
(19012 19010) 0.25883714081223635
(19012 19011) 1.636913420048707
(19012 19012) 0.0
(19012 19013) 1.6794282353101486
(19012 19014) 1.3101082694179247
(19012 19015) 1.2727751155469382
(19012 19016) 0.31315915649886655
(19012 19017) 1.7784916846592698
(19012 19018) 0.18027603750733853
(19012 19019) 1.5237487151487166
(19012 19020) 1.4140097949230654
(19012 19021) 0.1321508880662158
(19012 19022) 1.262624470469051
(19012 19023) 1.8907437413832435
(19012 19024) 1.486112905480394
(19012 19025) 0.17100420966528948
(19012 19026) 0.4354267524529609
(19012 19027) 1.4993318525753552
(19012 19028) 1.8907437413832437
(19012 19029) 1.3310579739937725
(19012 19030) 1.5949401735274207
(19012 19031) 0.7527182481087343
(19012 19032) 0.9276047095725588
(19012 19033) 0.7306045029218436
(19012 19034) 0.3167199102230348
(19012 19035) 1.8985855667103637
(19012 19036) 0.8650756881272995
(19012 19037) 1.5515825176730882
(19012 19038) 0.4388640638823164
(19012 19039) 1.3113026198319881
(19012 19040) 1.686551305083398
(19012 19041) 0.29956152539116426
(19012 19042) 1.4615302621883717
(19012 19043) 1.6288972038155567
(19012 19044) 0.4419836226503813
(19012 19045) 0.19236918948909518
(19012 19046) 0.29480532310422186
(19012 19047) 1.2740171888718455
(19012 19048) 0.2426557352237483
(19012 19049) 1.1481047110795548
(19012 19050) 1.8832293498165347
(19012 19051) 0.40744953217543456
(19013 19001) 1.819331362155234
(19013 19002) 0.9685473480976614
(19013 19003) 1.2789679210610418
(19013 19004) 1.0826955546196637
(19013 19005) 1.6635367593259127
(19013 19006) 1.5998740273442562
(19013 19007) 0.8490239396924993
(19013 19008) 0.9472192404918108
(19013 19009) 1.7114889205787298
(19013 19010) 1.783781355239556
(19013 19011) 1.0085270828158424
(19013 19012) 1.6794282353101486
(19013 19013) 0.0
(19013 19014) 0.7034506226606789
(19013 19015) 1.00406834940801
(19013 19016) 1.8084563671285177
(19013 19017) 0.8719548391863507
(19013 19018) 1.6647540229751074
(19013 19019) 1.3455920145191573
(19013 19020) 0.8874910173016061
(19013 19021) 1.6736142102142164
(19013 19022) 0.6720080926555821
(19013 19023) 1.278967921061042
(19013 19024) 0.9312316792763905
(19013 19025) 1.7451622223687
(19013 19026) 1.3576411710873781
(19013 19027) 0.9634467881112178
(19013 19028) 1.2789679210610418
(19013 19029) 0.9813402658105074
(19013 19030) 0.9634467881112176
(19013 19031) 1.038488057651866
(19013 19032) 1.3238141790769336
(19013 19033) 1.0512860269278355
(19013 19034) 1.8120839161303504
(19013 19035) 1.3364193831895175
(19013 19036) 1.018980834039793
(19013 19037) 1.0196997842761264
(19013 19038) 1.4944664854889596
(19013 19039) 1.2969855741467138
(19013 19040) 0.9634467881112179
(19013 19041) 1.8072434759003773
(19013 19042) 0.8811797795629315
(19013 19043) 0.9634467881112178
(19013 19044) 1.2566973477016348
(19013 19045) 1.6384395556978024
(19013 19046) 1.4866604430545296
(19013 19047) 0.7778574653093253
(19013 19048) 1.5554190269006267
(19013 19049) 0.8371331594752922
(19013 19050) 1.1902664589325662
(19013 19051) 1.2862690967690902
(19014 19001) 1.452534199939461
(19014 19002) 0.484334368828045
(19014 19003) 1.1166302412093116
(19014 19004) 1.2570242650633257
(19014 19005) 1.2771867360772517
(19014 19006) 1.2131457708192148
(19014 19007) 0.4920323066217076
(19014 19008) 0.3689363585124036
(19014 19009) 1.3412914693802203
(19014 19010) 1.4163442344813133
(19014 19011) 1.548478439053942
(19014 19012) 1.3101082694179247
(19014 19013) 0.7034506226606789
(19014 19014) 0.0
(19014 19015) 0.558676103633173
(19014 19016) 1.4416592049127444
(19014 19017) 0.9337623021187912
(19014 19018) 1.2858957313114132
(19014 19019) 1.1752085603089246
(19014 19020) 0.41688934587565196
(19014 19021) 1.2910381251879866
(19014 19022) 0.46342761000528365
(19014 19023) 1.1166302412093116
(19014 19024) 0.5047708754554691
(19014 19025) 1.3692012961086069
(19014 19026) 0.956633520761952
(19014 19027) 0.5319418360638165
(19014 19028) 1.1166302412093116
(19014 19029) 0.41390836763198535
(19014 19030) 0.627550157015882
(19014 19031) 0.6324257134384053
(19014 19032) 1.1250480115544315
(19014 19033) 0.7000649932253621
(19014 19034) 1.4452199586369128
(19014 19035) 1.1901969779223667
(19014 19036) 0.508239306439098
(19014 19037) 0.6468690188583119
(19014 19038) 1.082512459980336
(19014 19039) 0.9257911488019147
(19014 19040) 0.7347012482713221
(19014 19041) 1.4397747376121917
(19014 19042) 0.5073577316025134
(19014 19043) 0.6615071873040179
(19014 19044) 0.8964125685513126
(19014 19045) 1.2541398893191484
(19014 19046) 1.0901899491935299
(19014 19047) 0.659003009199046
(19014 19048) 1.190267539260692
(19014 19049) 0.4445648197986003
(19014 19050) 0.981564244690931
(19014 19051) 0.9194719345533168
(19015 19001) 1.3860871619056307
(19015 19002) 0.40807029997233113
(19015 19003) 1.0743531775935695
(19015 19004) 1.4397587132807512
(19015 19005) 1.2435441973410708
(19015 19006) 1.3027217530476014
(19015 19007) 0.6280975801583302
(19015 19008) 0.4970520896180636
(19015 19009) 1.3647100992468146
(19015 19010) 1.3666811537779693
(19015 19011) 1.6842396959818786
(19015 19012) 1.2727751155469382
(19015 19013) 1.00406834940801
(19015 19014) 0.558676103633173
(19015 19015) 0.0
(19015 19016) 1.3752121668789146
(19015 19017) 1.1940405374381446
(19015 19018) 1.2972859594840205
(19015 19019) 1.4776282005742196
(19015 19020) 0.502033071179071
(19015 19021) 1.2944910843698496
(19015 19022) 0.6400614173632084
(19015 19023) 1.2554028852891213
(19015 19024) 0.6393712901969373
(19015 19025) 1.340055206405504
(19015 19026) 1.0755448264688823
(19015 19027) 0.3580557407838575
(19015 19028) 1.0743531775935695
(19015 19029) 0.6073835461816969
(19015 19030) 0.7908405843308746
(19015 19031) 0.7280852593232723
(19015 19032) 1.1920603769978133
(19015 19033) 0.8741651153576995
(19015 19034) 1.3826100385132207
(19015 19035) 1.37704094448631
(19015 19036) 0.6581258438221469
(19015 19037) 0.6674375632900158
(19015 19038) 1.1847884000075264
(19015 19039) 1.2617596323303433
(19015 19040) 0.7623558327517643
(19015 19041) 1.3840228283096168
(19015 19042) 0.7323490365427316
(19015 19043) 0.4882763839037854
(19015 19044) 1.0137650608172035
(19015 19045) 1.3028167822286176
(19015 19046) 1.1988222889682838
(19015 19047) 0.7690778031250535
(19015 19048) 1.3060106500881326
(19015 19049) 0.6643773871403733
(19015 19050) 1.1170475155081039
(19015 19051) 0.8653255833715039
(19016 19001) 0.010874995026716157
(19016 19002) 1.532945602100537
(19016 19003) 1.9808824284760387
(19016 19004) 1.694848884518874
(19016 19005) 0.25430426346466894
(19016 19006) 0.4212616363947037
(19016 19007) 1.687648939491909
(19016 19008) 1.1007226107196675
(19016 19009) 0.1251689882003523
(19016 19010) 0.05608170302873005
(19016 19011) 1.9450655883719123
(19016 19012) 0.31315915649886655
(19016 19013) 1.8084563671285177
(19016 19014) 1.4416592049127444
(19016 19015) 1.3752121668789146
(19016 19016) 0.0
(19016 19017) 1.9182458614996327
(19016 19018) 0.22936749470040357
(19016 19019) 1.6947563826142154
(19016 19020) 1.5428490955496494
(19016 19021) 0.2365579901975863
(19016 19022) 1.5709654699840419
(19016 19023) 1.980882428476039
(19016 19024) 1.6125492877292018
(19016 19025) 0.19527957615030905
(19016 19026) 0.6444579922314223
(19016 19027) 1.6017689039073315
(19016 19028) 1.980882428476039
(19016 19029) 1.4446563114470867
(19016 19030) 1.697377224859397
(19016 19031) 0.9369494368782779
(19016 19032) 1.232927016221128
(19016 19033) 0.8896785450340298
(19016 19034) 0.007977648435823461
(19016 19035) 1.9820021572756688
(19016 19036) 0.9792137061369255
(19016 19037) 1.64748630366936
(19016 19038) 0.5919472141803552
(19016 19039) 1.4912077270887283
(19016 19040) 1.788988356415374
(19016 19041) 0.027570602633724038
(19016 19042) 1.5896533310799907
(19016 19043) 1.7313342551475328
(19016 19044) 0.7286511730299483
(19016 19045) 0.45898943683341975
(19016 19046) 0.4738621201698134
(19016 19047) 1.5823581883868365
(19016 19048) 0.42630635378897236
(19016 19049) 1.4612638675784213
(19016 19050) 1.9789443046210213
(19016 19051) 0.5221872703594279
(19017 19001) 1.9291208565263491
(19017 19002) 1.197270068037925
(19017 19003) 1.3503144754159098
(19017 19004) 1.4997817258291
(19017 19005) 1.7478177225955904
(19017 19006) 1.7010676685625445
(19017 19007) 1.0819528698191772
(19017 19008) 1.1778129898187375
(19017 19009) 1.8106746580425768
(19017 19010) 1.8845388185308722
(19017 19011) 1.5789317232294102
(19017 19012) 1.7784916846592698
(19017 19013) 0.8719548391863507
(19017 19014) 0.9337623021187912
(19017 19015) 1.1940405374381446
(19017 19016) 1.9182458614996327
(19017 19017) 0.0
(19017 19018) 1.7662243920503127
(19017 19019) 1.4697475578596118
(19017 19020) 1.1584198492698654
(19017 19021) 1.7706876973442733
(19017 19022) 1.0552281111699577
(19017 19023) 1.3503144754159098
(19017 19024) 1.1611321506716041
(19017 19025) 1.8445512699762008
(19017 19026) 1.457613309505471
(19017 19027) 1.1940405374381449
(19017 19028) 1.3503144754159098
(19017 19029) 1.226332550561537
(19017 19030) 1.1940405374381446
(19017 19031) 1.1184931452353708
(19017 19032) 1.60893794542831
(19017 19033) 1.2222453971790217
(19017 19034) 1.9218066152238011
(19017 19035) 1.405894908157722
(19017 19036) 1.2001168827657758
(19017 19037) 1.2496209701799565
(19017 19038) 1.5749873966770924
(19017 19039) 1.4208737764426598
(19017 19040) 1.1940405374381449
(19017 19041) 1.907969321661751
(19017 19042) 1.1335058376203453
(19017 19043) 1.1940405374381446
(19017 19044) 1.393761090454212
(19017 19045) 1.7355403435976051
(19017 19046) 1.5828309085919205
(19017 19047) 1.0670613452971687
(19017 19048) 1.6895503826155858
(19017 19049) 1.032419541936239
(19017 19050) 1.3091996845017149
(19017 19051) 1.4401871314943748
(19018 19001) 0.24024248972711976
(19018 19002) 1.4550193947056431
(19018 19003) 1.908763401240917
(19018 19004) 1.5375375614916598
(19018 19005) 0.13174790020660748
(19018 19006) 0.22464074262929926
(19018 19007) 1.5583020095538451
(19018 19008) 1.006568855705367
(19018 19009) 0.15271198454855284
(19018 19010) 0.1776892432188976
(19018 19011) 1.8019350496362863
(19018 19012) 0.18027603750733853
(19018 19013) 1.6647540229751074
(19018 19014) 1.2858957313114132
(19018 19015) 1.2972859594840205
(19018 19016) 0.22936749470040357
(19018 19017) 1.7662243920503127
(19018 19018) 0.0
(19018 19019) 1.4653888879138117
(19018 19020) 1.3778897772378664
(19018 19021) 0.0618480558805408
(19018 19022) 1.4256659119214952
(19018 19023) 1.908763401240917
(19018 19024) 1.4986624295764346
(19018 19025) 0.08802650791515201
(19018 19026) 0.43868344343478394
(19018 19027) 1.5238426965124379
(19018 19028) 1.908763401240917
(19018 19029) 1.3574792795369415
(19018 19030) 1.6194510174645034
(19018 19031) 0.7247785603208255
(19018 19032) 1.0984131126136767
(19018 19033) 0.6698367158747733
(19018 19034) 0.23292824842457177
(19018 19035) 1.9192582927171045
(19018 19036) 0.8768702637393203
(19018 19037) 1.5783839987760127
(19018 19038) 0.3927169202837092
(19018 19039) 1.2618402323883244
(19018 19040) 1.7110621490204805
(19018 19041) 0.2149875867932435
(19018 19042) 1.4794358463200463
(19018 19043) 1.6534080477526392
(19018 19044) 0.5645958233718403
(19018 19045) 0.25729226217527273
(19018 19046) 0.2506092208505804
(19018 19047) 1.4383315891625996
(19018 19048) 0.23497373923596632
(19018 19049) 1.2830428001368728
(19018 19050) 1.9103932599026852
(19018 19051) 0.43196037611251675
(19019 19001) 1.7056313776409318
(19019 19002) 1.4776282005742196
(19019 19003) 1.8314440166434318
(19019 19004) 1.3428483935172755
(19019 19005) 1.492279000933402
(19019 19006) 1.4226607686423414
(19019 19007) 1.3699774618355718
(19019 19008) 1.4614006529548131
(19019 19009) 1.5838664281000152
(19019 19010) 1.6397944083851153
(19019 19011) 1.6301411435274784
(19019 19012) 1.5237487151487166
(19019 19013) 1.3455920145191573
(19019 19014) 1.1752085603089246
(19019 19015) 1.4776282005742196
(19019 19016) 1.6947563826142154
(19019 19017) 1.4697475578596118
(19019 19018) 1.4653888879138117
(19019 19019) 0.0
(19019 19020) 1.2469011352954311
(19019 19021) 1.4922932548774557
(19019 19022) 1.3167466097056966
(19019 19023) 1.831444016643432
(19019 19024) 1.4396768561440019
(19019 19025) 1.5430442415126437
(19019 19026) 1.2482561992499341
(19019 19027) 1.4776282005742196
(19019 19028) 1.831444016643432
(19019 19029) 1.4432485061315066
(19019 19030) 1.4802490428194015
(19019 19031) 1.2352088341334744
(19019 19032) 1.4165157248496527
(19019 19033) 1.2195776231145556
(19019 19034) 1.698317136338383
(19019 19035) 1.8560261103204914
(19019 19036) 1.4843289167629785
(19019 19037) 1.4829531497947048
(19019 19038) 1.1718703893025517
(19019 19039) 0.6317714013187266
(19019 19040) 1.5718601743753786
(19019 19041) 1.6803764747070553
(19019 19042) 1.3868090963920867
(19019 19043) 1.514206073107537
(19019 19044) 1.3302617832443109
(19019 19045) 1.382134676996299
(19019 19046) 1.2716064487304835
(19019 19047) 1.2823072769465822
(19019 19048) 1.4122743296600235
(19019 19049) 1.204111993509483
(19019 19050) 1.7852784874584544
(19019 19051) 1.4653275137222022
(19020 19001) 1.5537240905763658
(19020 19002) 0.34201630890759266
(19020 19003) 1.1282854186349935
(19020 19004) 1.3953180434954044
(19020 19005) 1.3971454064577487
(19020 19006) 1.3911478745774033
(19020 19007) 0.5143014697740239
(19020 19008) 0.47025077767901063
(19020 19009) 1.5050501733169366
(19020 19010) 1.5175341251182182
(19020 19011) 1.6650426715975237
(19020 19012) 1.4140097949230654
(19020 19013) 0.8874910173016061
(19020 19014) 0.41688934587565196
(19020 19015) 0.502033071179071
(19020 19016) 1.5428490955496494
(19020 19017) 1.1584198492698654
(19020 19018) 1.3778897772378664
(19020 19019) 1.2469011352954311
(19020 19020) 0.0
(19020 19021) 1.4125536177122526
(19020 19022) 0.5407418897745682
(19020 19023) 1.1282854186349938
(19020 19024) 0.44098271317249377
(19020 19025) 1.4317315987124701
(19020 19026) 1.1585939151238065
(19020 19027) 0.38274218654637127
(19020 19028) 1.1282854186349933
(19020 19029) 0.4901258476278893
(19020 19030) 0.6188550328895667
(19020 19031) 0.7875857556531375
(19020 19032) 1.3353395425876111
(19020 19033) 0.9362119442815555
(19020 19034) 1.5464766445514817
(19020 19035) 1.1988302514959286
(19020 19036) 0.6787122161755609
(19020 19037) 0.4978846903697047
(19020 19038) 1.1874336378480903
(19020 19039) 1.1241251671441232
(19020 19040) 0.746356425697004
(19020 19041) 1.5412743165981104
(19020 19042) 0.5244671259821677
(19020 19043) 0.5123075377865726
(19020 19044) 1.1342483705890458
(19020 19045) 1.3351068797846088
(19020 19046) 1.2716554121979762
(19020 19047) 0.780687770550274
(19020 19048) 1.4001726437490432
(19020 19049) 0.67356996790141
(19020 19050) 0.9388368225177224
(19020 19051) 1.0206618251902217
(19021 19001) 0.24743298522430252
(19021 19002) 1.452224519591472
(19021 19003) 1.9120612402233694
(19021 19004) 1.4853442539951978
(19021 19005) 0.08427240444026955
(19021 19006) 0.1988900364629256
(19021 19007) 1.5474437056731398
(19021 19008) 1.0037739805911958
(19021 19009) 0.15477085553194783
(19021 19010) 0.18159601596848646
(19021 19011) 1.7494727706450237
(19021 19012) 0.1321508880662158
(19021 19013) 1.6736142102142164
(19021 19014) 1.2910381251879866
(19021 19015) 1.2944910843698496
(19021 19016) 0.2365579901975863
(19021 19017) 1.7706876973442733
(19021 19018) 0.0618480558805408
(19021 19019) 1.4922932548774557
(19021 19020) 1.4125536177122526
(19021 19021) 0.0
(19021 19022) 1.3726586366018612
(19021 19023) 1.9120612402233692
(19021 19024) 1.493876860789919
(19021 19025) 0.0812552440129378
(19021 19026) 0.4079000020338361
(19021 19027) 1.521047821398267
(19021 19028) 1.9120612402233692
(19021 19029) 1.35209415075121
(19021 19030) 1.6166561423503325
(19021 19031) 0.723647119492842
(19021 19032) 1.0464325490601272
(19021 19033) 0.6991490426505826
(19021 19034) 0.24011874392175447
(19021 19035) 1.9222813582212528
(19021 19036) 0.8754484310595401
(19021 19037) 1.5731515947032566
(19021 19038) 0.4150849807779373
(19021 19039) 1.2798471595607275
(19021 19040) 1.7082672739063098
(19021 19041) 0.2221780822904262
(19021 19042) 1.4717685748306677
(19021 19043) 1.650613172638468
(19021 19044) 0.5141338773161902
(19021 19045) 0.2437680143323393
(19021 19046) 0.2633498628329609
(19021 19047) 1.3853412868903143
(19021 19048) 0.21182425234071856
(19021 19049) 1.2427508552912838
(19021 19050) 1.9073236113102099
(19021 19051) 0.4291655009983456
(19022 19001) 1.5818404650107583
(19022 19002) 0.6379386374384441
(19022 19003) 1.2167142731310792
(19022 19004) 0.9059582285978297
(19022 19005) 1.336972234290469
(19022 19006) 1.228546335503779
(19022 19007) 0.5833428100348399
(19022 19008) 0.6215285705348027
(19022 19009) 1.4546655489307896
(19022 19010) 1.5166434542974114
(19022 19011) 1.1580373321348763
(19022 19012) 1.262624470469051
(19022 19013) 0.6720080926555821
(19022 19014) 0.46342761000528365
(19022 19015) 0.6400614173632084
(19022 19016) 1.5709654699840419
(19022 19017) 1.0552281111699577
(19022 19018) 1.4256659119214952
(19022 19019) 1.3167466097056966
(19022 19020) 0.5407418897745682
(19022 19021) 1.3726586366018612
(19022 19022) 0.0
(19022 19023) 1.2167142731310794
(19022 19024) 0.6191973009876077
(19022 19025) 1.4271982767525742
(19022 19026) 1.060793894131555
(19022 19027) 0.6158155767175165
(19022 19028) 1.2167142731310794
(19022 19029) 0.6482808912435829
(19022 19030) 0.7399313200458227
(19022 19031) 0.7518683945091844
(19022 19032) 0.8754255133502888
(19022 19033) 0.8107570800039646
(19022 19034) 1.57452622370821
(19022 19035) 1.3219916699173286
(19022 19036) 0.7192362889653542
(19022 19037) 0.7620415145948903
(19022 19038) 1.2415151193295995
(19022 19039) 1.1408068718801818
(19022 19040) 0.8347852801930897
(19022 19041) 1.5572571381492941
(19022 19042) 0.5864806577916168
(19022 19043) 0.7453809279577179
(19022 19044) 0.8734347371570301
(19022 19045) 1.2420303772268237
(19022 19046) 1.2139971097126259
(19022 19047) 0.24844117545067793
(19022 19048) 1.2406788123826926
(19022 19049) 0.31648063128405307
(19022 19050) 1.0971486454178256
(19022 19051) 1.048778199624614
(19023 19001) 1.9895527385064902
(19023 19002) 1.0852368678339703
(19023 19003) 0.2552891072036618
(19023 19004) 1.7535516319173194
(19023 19005) 1.883112749560449
(19023 19006) 1.9256726638719295
(19023 19007) 0.7735436821383987
(19023 19008) 1.1104709909964257
(19023 19009) 1.9713833106972196
(19023 19010) 1.975489798237213
(19023 19011) 1.7755739146932508
(19023 19012) 1.8907437413832435
(19023 19013) 1.278967921061042
(19023 19014) 1.1166302412093116
(19023 19015) 1.2554028852891213
(19023 19016) 1.980882428476039
(19023 19017) 1.3503144754159098
(19023 19018) 1.908763401240917
(19023 19019) 1.831444016643432
(19023 19020) 1.1282854186349938
(19023 19021) 1.9120612402233692
(19023 19022) 1.2167142731310794
(19023 19023) 0.0
(19023 19024) 0.6951600512163894
(19023 19025) 1.9481965621966464
(19023 19026) 1.728571113481152
(19023 19027) 0.8973471445052638
(19023 19028) 0.8312728997069208
