!n: Number of areas
n: 18
!I: Set if areas
I: [22001 22002 22003 22004 22005 22006 22007 22008 22009 22010 22011 22012 22013 22014 22015 22016 22017 22018 ]
!p: Number of regions
p: 5
!K: Set of regions
K: [1 2 3 4 5 ]
!N: Node Neighbor Set
N: [
(22001) [22008 22016]
(22002) [22003 22004 22009 22013 22015]
(22003) [22002 22009]
(22004) [22002 22007 22013 22015 22018]
(22005) [22007 22011 22012 22017 22018]
(22006) [22008 22014]
(22007) [22004 22005 22017 22018]
(22008) [22001 22006 22011 22012 22014 22016]
(22009) [22002 22003 22010 22015]
(22010) [22009]
(22011) [22005 22008 22012 22014]
(22012) [22005 22008 22011 22016 22017]
(22013) [22002 22004 22018]
(22014) [22006 22008 22011]
(22015) [22002 22004 22009]
(22016) [22001 22008 22012 22017]
(22017) [22005 22007 22012 22016]
(22018) [22004 22005 22007 22013]
]
!d(i,j): distance list
d: [
(22001 22001) 0.0
(22001 22002) 1.2072925687885259
(22001 22003) 1.0924778512766236
(22001 22004) 0.5509504493690471
(22001 22005) 0.652089788950706
(22001 22006) 0.3561101997613278
(22001 22007) 0.12721519027882136
(22001 22008) 0.3940230255214935
(22001 22009) 1.1055363390989221
(22001 22010) 1.3403750071619538
(22001 22011) 0.6448504936823091
(22001 22012) 0.46903685354801344
(22001 22013) 0.7605995238629452
(22001 22014) 0.37017858599193787
(22001 22015) 1.0560977476008628
(22001 22016) 0.5569827911442622
(22001 22017) 0.6928377645719003
(22001 22018) 0.452516704193984
(22002 22001) 1.2072925687885259
(22002 22002) 0.0
(22002 22003) 0.6875178325192949
(22002 22004) 0.858070325371447
(22002 22005) 1.654151222347253
(22002 22006) 1.4298013316691982
(22002 22007) 1.1737802588880104
(22002 22008) 1.5455331390847438
(22002 22009) 0.7406022048108412
(22002 22010) 0.37341542867346356
(22002 22011) 1.6813613083051837
(22002 22012) 1.4348114948853898
(22002 22013) 0.7008203885004546
(22002 22014) 1.4157223993155401
(22002 22015) 0.6865353752217807
(22002 22016) 1.5498036851623307
(22002 22017) 0.8033822760036969
(22002 22018) 0.9250651497787584
(22003 22001) 1.0924778512766236
(22003 22002) 0.6875178325192949
(22003 22003) 0.0
(22003 22004) 0.8329049474749155
(22003 22005) 1.6471526153835636
(22003 22006) 1.351627481962653
(22003 22007) 1.0673507265927675
(22003 22008) 1.4250116025057924
(22003 22009) 0.4605184390906305
(22003 22010) 0.9503675038470055
(22003 22011) 1.6387716166661177
(22003 22012) 1.4552860442414794
(22003 22013) 0.6788324559101143
(22003 22014) 1.3613816300607164
(22003 22015) 0.4268349822874903
(22003 22016) 1.5469348112256993
(22003 22017) 0.636295290964739
(22003 22018) 0.8341556258043529
(22004 22001) 0.5509504493690471
(22004 22002) 0.858070325371447
(22004 22003) 0.8329049474749155
(22004 22004) 0.0
(22004 22005) 0.9906555676563892
(22004 22006) 0.6552762484595606
(22004 22007) 0.4416254814465288
(22004 22008) 0.8771037260170568
(22004 22009) 0.9113744442161831
(22004 22010) 1.0174523713137895
(22004 22011) 1.0067074151533801
(22004 22012) 0.8039527223387696
(22004 22013) 0.45223460990643427
(22004 22014) 0.6646204482378361
(22004 22015) 0.8646987521908872
(22004 22016) 0.8904059637544962
(22004 22017) 0.4441312216387248
(22004 22018) 0.3776392319296491
(22005 22001) 0.652089788950706
(22005 22002) 1.654151222347253
(22005 22003) 1.6471526153835636
(22005 22004) 0.9906555676563892
(22005 22005) 0.0
(22005 22006) 0.44066582761428
(22005 22007) 0.6656996999513916
(22005 22008) 0.48706087382246527
(22005 22009) 1.724494035670017
(22005 22010) 1.715683876312113
(22005 22011) 0.13449255910924462
(22005 22012) 0.26862174542708883
(22005 22013) 1.1902872473473436
(22005 22014) 0.44679503748738975
(22005 22015) 1.6024610955399354
(22005 22016) 0.1311121939533386
(22005 22017) 1.199063734142399
(22005 22018) 0.8357743409580677
(22006 22001) 0.3561101997613278
(22006 22002) 1.4298013316691982
(22006 22003) 1.351627481962653
(22006 22004) 0.6552762484595606
(22006 22005) 0.44066582761428
(22006 22006) 0.0
(22006 22007) 0.3407014717027937
(22006 22008) 0.33061518716874183
(22006 22009) 1.405180872592195
(22006 22010) 1.5105508544506496
(22006 22011) 0.431391784841985
(22006 22012) 0.2799247147486328
(22006 22013) 0.9732564617280159
(22006 22014) 0.21241230395647306
(22006 22015) 1.3286496822528933
(22006 22016) 0.35444644209986964
(22006 22017) 0.7920933428028881
(22006 22018) 0.6173682766015259
(22007 22001) 0.12721519027882136
(22007 22002) 1.1737802588880104
(22007 22003) 1.0673507265927675
(22007 22004) 0.4416254814465288
(22007 22005) 0.6656996999513916
(22007 22006) 0.3407014717027937
(22007 22007) 0.0
(22007 22008) 0.441563913093509
(22007 22009) 1.1340063518160513
(22007 22010) 1.2753631188152075
(22007 22011) 0.6596112785482966
(22007 22012) 0.48273940133875265
(22007 22013) 0.7130413342018097
(22007 22014) 0.3483934736234082
(22007 22015) 1.048339021440876
(22007 22016) 0.5674622531250261
(22007 22017) 0.616528629383473
(22007 22018) 0.39083203986518766
(22008 22001) 0.3940230255214935
(22008 22002) 1.5455331390847438
(22008 22003) 1.4250116025057924
(22008 22004) 0.8771037260170568
(22008 22005) 0.48706087382246527
(22008 22006) 0.33061518716874183
(22008 22007) 0.441563913093509
(22008 22008) 0.0
(22008 22009) 1.4769002464948233
(22008 22010) 1.584579971998797
(22008 22011) 0.4626927265460974
(22008 22012) 0.36669447497828256
(22008 22013) 1.0719982449473926
(22008 22014) 0.44509325682635204
(22008 22015) 1.2637496353638753
(22008 22016) 0.38307104169492906
(22008 22017) 1.0438192996007776
(22008 22018) 0.746231567719585
(22009 22001) 1.1055363390989221
(22009 22002) 0.7406022048108412
(22009 22003) 0.4605184390906305
(22009 22004) 0.9113744442161831
(22009 22005) 1.724494035670017
(22009 22006) 1.405180872592195
(22009 22007) 1.1340063518160513
(22009 22008) 1.4769002464948233
(22009 22009) 0.0
(22009 22010) 1.0258829846844284
(22009 22011) 1.7152751049925565
(22009 22012) 1.5422343475317082
(22009 22013) 0.8231872601147647
(22009 22014) 1.4158979730130525
(22009 22015) 0.5760081419811318
(22009 22016) 1.6234374688870032
(22009 22017) 0.6908894535847668
(22009 22018) 0.9228745130559021
(22010 22001) 1.3403750071619538
(22010 22002) 0.37341542867346356
(22010 22003) 0.9503675038470055
(22010 22004) 1.0174523713137895
(22010 22005) 1.715683876312113
(22010 22006) 1.5105508544506496
(22010 22007) 1.2753631188152075
(22010 22008) 1.584579971998797
(22010 22009) 1.0258829846844284
(22010 22010) 0.0
(22010 22011) 1.7099905278566319
(22010 22012) 1.513991693081747
(22010 22013) 0.8003210455622799
(22010 22014) 1.5336879810772097
(22010 22015) 0.8715966549304554
(22010 22016) 1.6173512111589685
(22010 22017) 1.0399488207995216
(22010 22018) 1.1108665773326396
(22011 22001) 0.6448504936823091
(22011 22002) 1.6813613083051837
(22011 22003) 1.6387716166661177
(22011 22004) 1.0067074151533801
(22011 22005) 0.13449255910924462
(22011 22006) 0.431391784841985
(22011 22007) 0.6596112785482966
(22011 22008) 0.4626927265460974
(22011 22009) 1.7152751049925565
(22011 22010) 1.7099905278566319
(22011 22011) 0.0
(22011 22012) 0.33725437503699657
(22011 22013) 1.1992800508196664
(22011 22014) 0.5385367751000111
(22011 22015) 1.5981941533027637
(22011 22016) 0.15870128458909633
(22011 22017) 1.1989017059901708
(22011 22018) 0.8715006092602845
(22012 22001) 0.46903685354801344
(22012 22002) 1.4348114948853898
(22012 22003) 1.4552860442414794
(22012 22004) 0.8039527223387696
(22012 22005) 0.26862174542708883
(22012 22006) 0.2799247147486328
(22012 22007) 0.48273940133875265
(22012 22008) 0.36669447497828256
(22012 22009) 1.5422343475317082
(22012 22010) 1.513991693081747
(22012 22011) 0.33725437503699657
(22012 22012) 0.0
(22012 22013) 0.9883996463357648
(22012 22014) 0.3135236585090855
(22012 22015) 1.4209355628621503
(22012 22016) 0.2060218638912726
(22012 22017) 1.0142795747757058
(22012 22018) 0.6689709361890428
(22013 22001) 0.7605995238629452
(22013 22002) 0.7008203885004546
(22013 22003) 0.6788324559101143
(22013 22004) 0.45223460990643427
(22013 22005) 1.1902872473473436
(22013 22006) 0.9732564617280159
(22013 22007) 0.7130413342018097
(22013 22008) 1.0719982449473926
(22013 22009) 0.8231872601147647
(22013 22010) 0.8003210455622799
(22013 22011) 1.1992800508196664
(22013 22012) 0.9883996463357648
(22013 22013) 0.0
(22013 22014) 1.00259572930305
(22013 22015) 0.6375470836645114
(22013 22016) 1.0976349290904792
(22013 22017) 0.5270450611111702
(22013 22018) 0.5639458181197787
(22014 22001) 0.37017858599193787
(22014 22002) 1.4157223993155401
(22014 22003) 1.3613816300607164
(22014 22004) 0.6646204482378361
(22014 22005) 0.44679503748738975
(22014 22006) 0.21241230395647306
(22014 22007) 0.3483934736234082
(22014 22008) 0.44509325682635204
(22014 22009) 1.4158979730130525
(22014 22010) 1.5336879810772097
(22014 22011) 0.5385367751000111
(22014 22012) 0.3135236585090855
(22014 22013) 1.00259572930305
(22014 22014) 0.0
(22014 22015) 1.3347354145964498
(22014 22016) 0.4342672345192366
(22014 22017) 0.794486991926115
(22014 22018) 0.5902720462330827
(22015 22001) 1.0560977476008628
(22015 22002) 0.6865353752217807
(22015 22003) 0.4268349822874903
(22015 22004) 0.8646987521908872
(22015 22005) 1.6024610955399354
(22015 22006) 1.3286496822528933
(22015 22007) 1.048339021440876
(22015 22008) 1.2637496353638753
(22015 22009) 0.5760081419811318
(22015 22010) 0.8715966549304554
(22015 22011) 1.5981941533027637
(22015 22012) 1.4209355628621503
(22015 22013) 0.6375470836645114
(22015 22014) 1.3347354145964498
(22015 22015) 0.0
(22015 22016) 1.5226140551856606
(22015 22017) 0.6534335984530221
(22015 22018) 0.9643999601364541
(22016 22001) 0.5569827911442622
(22016 22002) 1.5498036851623307
(22016 22003) 1.5469348112256993
(22016 22004) 0.8904059637544962
(22016 22005) 0.1311121939533386
(22016 22006) 0.35444644209986964
(22016 22007) 0.5674622531250261
(22016 22008) 0.38307104169492906
(22016 22009) 1.6234374688870032
(22016 22010) 1.6173512111589685
(22016 22011) 0.15870128458909633
(22016 22012) 0.2060218638912726
(22016 22013) 1.0976349290904792
(22016 22014) 0.4342672345192366
(22016 22015) 1.5226140551856606
(22016 22016) 0.0
(22016 22017) 1.1279875084002364
(22016 22018) 0.8004730421459367
(22017 22001) 0.6928377645719003
(22017 22002) 0.8033822760036969
(22017 22003) 0.636295290964739
(22017 22004) 0.4441312216387248
(22017 22005) 1.199063734142399
(22017 22006) 0.7920933428028881
(22017 22007) 0.616528629383473
(22017 22008) 1.0438192996007776
(22017 22009) 0.6908894535847668
(22017 22010) 1.0399488207995216
(22017 22011) 1.1989017059901708
(22017 22012) 1.0142795747757058
(22017 22013) 0.5270450611111702
(22017 22014) 0.794486991926115
(22017 22015) 0.6534335984530221
(22017 22016) 1.1279875084002364
(22017 22017) 0.0
(22017 22018) 0.47786813742792006
(22018 22001) 0.452516704193984
(22018 22002) 0.9250651497787584
(22018 22003) 0.8341556258043529
(22018 22004) 0.3776392319296491
(22018 22005) 0.8357743409580677
(22018 22006) 0.6173682766015259
(22018 22007) 0.39083203986518766
(22018 22008) 0.746231567719585
(22018 22009) 0.9228745130559021
(22018 22010) 1.1108665773326396
(22018 22011) 0.8715006092602845
(22018 22012) 0.6689709361890428
(22018 22013) 0.5639458181197787
(22018 22014) 0.5902720462330827
(22018 22015) 0.9643999601364541
(22018 22016) 0.8004730421459367
(22018 22017) 0.47786813742792006
(22018 22018) 0.0
]
