!n: Number of areas
n: 58
!I: Set if areas
I: [24001 24002 24003 24004 24005 24006 24007 24008 24009 24010 24011 24012 24013 24014 24015 24016 24017 24018 24019 24020 24021 24022 24023 24024 24025 24026 24027 24028 24029 24030 24031 24032 24033 24034 24035 24036 24037 24038 24039 24040 24041 24042 24043 24044 24045 24046 24047 24048 24049 24050 24051 24052 24053 24054 24055 24056 24057 24058 ]
!p: Number of regions
p: 5
!K: Set of regions
K: [1 2 3 4 5 ]
!N: Node Neighbor Set
N: [
(24001) [24021 24022 24028]
(24002) [24005 24010 24023 24024 24036]
(24003) [24012 24013 24018 24036 24041 24054]
(24004) [24008 24009 24030 24035 24051 24055]
(24005) [24002 24023 24024]
(24006) [24007 24015 24033 24044 24047 24048]
(24007) [24006 24020 24044 24048]
(24008) [24004 24010 24017 24030 24051 24052]
(24009) [24004 24028 24035 24055]
(24010) [24002 24008 24017 24024 24036 24052 24058]
(24011) [24024 24030 24032 24055]
(24012) [24003 24014 24018 24026 24039 24041]
(24013) [24003 24036 24040 24041 24058]
(24014) [24012 24018 24039 24053]
(24015) [24006 24025 24033 24045 24047]
(24016) [24040]
(24017) [24008 24010 24047 24051]
(24018) [24003 24012 24014 24053 24054]
(24019) [24023 24027 24031]
(24020) [24007 24047 24048]
(24021) [24001 24028 24046]
(24022) [24001 24025 24028 24045 24056]
(24023) [24002 24005 24019 24024 24027 24031 24036]
(24024) [24002 24005 24010 24011 24023 24027 24030 24032 24052]
(24025) [24015 24022 24033 24045 24049]
(24026) [24012 24039 24041 24042]
(24027) [24019 24023 24024]
(24028) [24001 24009 24021 24022 24035 24046 24050 24051 24055 24056]
(24029) [24037 24038 24039 24042]
(24030) [24004 24008 24011 24024 24052 24055]
(24031) [24019 24023 24036]
(24032) [24011 24024 24043 24050 24055]
(24033) [24006 24015 24025 24049]
(24034) [24040 24041 24042]
(24035) [24004 24009 24028 24051]
(24036) [24002 24003 24010 24013 24023 24031 24058]
(24037) [24029 24038 24057]
(24038) [24029 24037 24039 24053 24057]
(24039) [24012 24014 24026 24029 24038 24042 24053]
(24040) [24013 24016 24034 24041]
(24041) [24003 24012 24013 24026 24034 24040 24042]
(24042) [24026 24029 24034 24039 24041]
(24043) [24032]
(24044) [24006 24007]
(24045) [24015 24022 24025 24047 24051 24056]
(24046) [24021 24028 24050]
(24047) [24006 24015 24017 24020 24045 24048 24051]
(24048) [24006 24007 24020 24047]
(24049) [24025 24033]
(24050) [24028 24032 24046 24055]
(24051) [24004 24008 24017 24028 24035 24045 24047 24056]
(24052) [24008 24010 24024 24030]
(24053) [24014 24018 24038 24039 24054 24057]
(24054) [24003 24018 24053 24057]
(24055) [24004 24009 24011 24028 24030 24032 24050]
(24056) [24022 24028 24045 24051]
(24057) [24037 24038 24053 24054]
(24058) [24010 24013 24036]
]
!d(i,j): distance list
d: [
(24001 24001) 0.0
(24001 24002) 0.7637788188639846
(24001 24003) 0.8598350092640757
(24001 24004) 1.1760831355210466
(24001 24005) 0.20026436289094857
(24001 24006) 1.0566300105210467
(24001 24007) 0.5500661459233733
(24001 24008) 1.0731001356629262
(24001 24009) 1.4593668510839375
(24001 24010) 0.4967721741789997
(24001 24011) 0.4077924873719271
(24001 24012) 0.47388742527061584
(24001 24013) 0.5554962375522761
(24001 24014) 0.9334725241580398
(24001 24015) 0.20269716256493178
(24001 24016) 0.3727377810091638
(24001 24017) 1.157584443347455
(24001 24018) 1.5154845622210993
(24001 24019) 1.0716926087665575
(24001 24020) 0.6559305282849993
(24001 24021) 1.434625381579452
(24001 24022) 0.5841126385072802
(24001 24023) 0.15713094752976972
(24001 24024) 0.2768972214879021
(24001 24025) 0.13938250469406704
(24001 24026) 0.6910626750854618
(24001 24027) 0.4077083817039159
(24001 24028) 1.2597640860209094
(24001 24029) 0.551410188331761
(24001 24030) 1.1760831355210468
(24001 24031) 1.3517676264337617
(24001 24032) 0.4179198018680089
(24001 24033) 0.6577764624686092
(24001 24034) 0.5552344228783175
(24001 24035) 0.8405428010487621
(24001 24036) 1.3126632941323093
(24001 24037) 0.5259152702177563
(24001 24038) 0.7950988940574326
(24001 24039) 0.5147837792937682
(24001 24040) 1.4325584143933854
(24001 24041) 0.667526890982719
(24001 24042) 0.3584810785749734
(24001 24043) 1.3780036836774952
(24001 24044) 0.3526537801776988
(24001 24045) 0.7851557960389763
(24001 24046) 0.40077066531925865
(24001 24047) 0.9666715584239283
(24001 24048) 1.228893321209406
(24001 24049) 0.43174029632760136
(24001 24050) 1.514644979590001
(24001 24051) 0.7923125926316715
(24001 24052) 0.525248857822588
(24001 24053) 0.9528138194006435
(24001 24054) 0.44930098671345586
(24001 24055) 1.7732439483131814
(24001 24056) 0.40683288633437076
(24001 24057) 0.29013443996828014
(24001 24058) 1.3689253685642466
(24002 24001) 0.7637788188639846
(24002 24002) 0.0
(24002 24003) 0.9401449620718169
(24002 24004) 1.0728361458900382
(24002 24005) 0.881168072212168
(24002 24006) 1.1656250000000001
(24002 24007) 0.4762263949484675
(24002 24008) 1.074583164708245
(24002 24009) 1.1513026350424396
(24002 24010) 0.7875198232366198
(24002 24011) 0.6279449027039793
(24002 24012) 0.6967233718227291
(24002 24013) 0.6823021467709613
(24002 24014) 0.9271638541099619
(24002 24015) 0.6802894009222815
(24002 24016) 0.781034187854904
(24002 24017) 0.9468738656346336
(24002 24018) 1.1444931984081734
(24002 24019) 0.856396298312466
(24002 24020) 0.7264404442064049
(24002 24021) 1.0838960658594143
(24002 24022) 0.4250205343745107
(24002 24023) 0.7854075854479897
(24002 24024) 0.8573880213277396
(24002 24025) 0.7771021182907715
(24002 24026) 0.4417847030015425
(24002 24027) 0.7161847177372532
(24002 24028) 1.02365252223495
(24002 24029) 0.459367080422622
(24002 24030) 1.072836145890038
(24002 24031) 1.072836145890038
(24002 24032) 0.8249979641092815
(24002 24033) 0.6108210100646281
(24002 24034) 0.5782042783027723
(24002 24035) 0.7099599681197412
(24002 24036) 1.0347414333519538
(24002 24037) 0.9265177152814016
(24002 24038) 0.6887779599858556
(24002 24039) 0.4842177873842145
(24002 24040) 1.0826411331344097
(24002 24041) 0.6298746656904367
(24002 24042) 1.0809879076166398
(24002 24043) 1.5445505160463378
(24002 24044) 0.49335118947058887
(24002 24045) 0.8961276881084962
(24002 24046) 0.37409074836972334
(24002 24047) 0.7178720598065091
(24002 24048) 1.8234315223206135
(24002 24049) 0.44968506740486475
(24002 24050) 1.1456907574856903
(24002 24051) 1.0339107732167045
(24002 24052) 0.5107793900509496
(24002 24053) 1.1843827311999184
(24002 24054) 1.03118439134354
(24002 24055) 1.7765942193845325
(24002 24056) 0.6355867361863641
(24002 24057) 0.9425375543241
(24002 24058) 1.0451851148233207
(24003 24001) 0.8598350092640757
(24003 24002) 0.9401449620718169
(24003 24003) 0.0
(24003 24004) 0.9226970236847621
(24003 24005) 0.7571857072524313
(24003 24006) 0.8718710700062879
(24003 24007) 0.6090660612262437
(24003 24008) 1.6633588635966579
(24003 24009) 1.7343575612482929
(24003 24010) 0.7484416208653684
(24003 24011) 0.5902931702305558
(24003 24012) 0.7604761744112736
(24003 24013) 1.0069079362885813
(24003 24014) 1.3954883672186127
(24003 24015) 0.8541244074886861
(24003 24016) 0.7196656786306553
(24003 24017) 1.022829497085726
(24003 24018) 1.7855260658802408
(24003 24019) 0.8602625235799625
(24003 24020) 1.1636695839141584
(24003 24021) 1.7043521708928824
(24003 24022) 0.9350965160188217
(24003 24023) 0.7220760949380569
(24003 24024) 0.8487367168253276
(24003 24025) 0.889651191360202
(24003 24026) 0.7074033525626077
(24003 24027) 0.6017597128188114
(24003 24028) 1.5166237385882169
(24003 24029) 0.6680532821396359
(24003 24030) 0.9226970236847623
(24003 24031) 1.2164509536784742
(24003 24032) 0.6786771978696
(24003 24033) 0.6669103754692053
(24003 24034) 0.592400799702863
(24003 24035) 1.1963428411548007
(24003 24036) 1.5827846904055414
(24003 24037) 0.7715096069001114
(24003 24038) 0.6282356948228882
(24003 24039) 0.6431426422620715
(24003 24040) 1.7018793123836093
(24003 24041) 0.6743738210018865
(24003 24042) 1.0063649885587043
(24003 24043) 1.3832676045284202
(24003 24044) 0.6715949390113158
(24003 24045) 0.769414493629521
(24003 24046) 0.7585372829617983
(24003 24047) 0.9505384552141726
(24003 24048) 1.6555336808213903
(24003 24049) 0.7146204501156825
(24003 24050) 1.787908818140338
(24003 24051) 0.87375538952882
(24003 24052) 0.6119393208970865
(24003 24053) 0.8495798136710354
(24003 24054) 0.7195334820225862
(24003 24055) 1.7737620579108029
(24003 24056) 0.6522668642971449
(24003 24057) 0.6929729645900122
(24003 24058) 1.6278202562970094
(24004 24001) 1.1760831355210466
(24004 24002) 1.0728361458900382
(24004 24003) 0.9226970236847621
(24004 24004) 0.0
(24004 24005) 1.0896466286353692
(24004 24006) 0.7842784587937386
(24004 24007) 0.7239853801787337
(24004 24008) 1.9137300621592743
(24004 24009) 1.9373417364736123
(24004 24010) 0.7370354943322127
(24004 24011) 1.0257975274073257
(24004 24012) 0.8788613074260002
(24004 24013) 1.4242050224869773
(24004 24014) 1.6641478228634976
(24004 24015) 1.175157633485377
(24004 24016) 0.9834142612754458
(24004 24017) 0.4290259065355842
(24004 24018) 1.9885102411055602
(24004 24019) 0.3346533284437203
(24004 24020) 1.5188290246165688
(24004 24021) 1.9116512336979736
(24004 24022) 1.2485767155628977
(24004 24023) 1.0808645229309437
(24004 24024) 1.254466516108218
(24004 24025) 1.2242458826144718
(24004 24026) 0.6324736225087926
(24004 24027) 0.8616554468398244
(24004 24028) 1.8601263523095448
(24004 24029) 0.7420110858971021
(24004 24030) 0.17686807309958646
(24004 24031) 0.4966850828729281
(24004 24032) 0.9508963111179518
(24004 24033) 0.56021409455843
(24004 24034) 0.7262216450579142
(24004 24035) 1.5591763126506477
(24004 24036) 1.84234184804002
(24004 24037) 0.8744858018910358
(24004 24038) 0.6886069889899475
(24004 24039) 0.799464665535454
(24004 24040) 1.9539876788414179
(24004 24041) 0.5273349506151448
(24004 24042) 1.3305471071245443
(24004 24043) 1.5570467165028352
(24004 24044) 0.9536637931034484
(24004 24045) 0.5204629365349734
(24004 24046) 0.9924739044929655
(24004 24047) 0.4665531009466239
(24004 24048) 1.799661428498145
(24004 24049) 0.8130923345917833
(24004 24050) 1.9962702839723576
(24004 24051) 1.140652825100106
(24004 24052) 0.7640577778835401
(24004 24053) 1.1282936623890496
(24004 24054) 0.829231686052928
(24004 24055) 1.9507154657510322
(24004 24056) 0.9695899012218734
(24004 24057) 0.9133650747016686
(24004 24058) 1.8751292335770386
(24005 24001) 0.20026436289094857
(24005 24002) 0.881168072212168
(24005 24003) 0.7571857072524313
(24005 24004) 1.0896466286353692
(24005 24005) 0.0
(24005 24006) 0.9709162413850951
(24005 24007) 0.5912849020537451
(24005 24008) 1.2329951965527515
(24005 24009) 1.6287587186801604
(24005 24010) 0.42056032232649565
(24005 24011) 0.44094248248326684
(24005 24012) 0.609568511957878
(24005 24013) 0.6604390365246308
(24005 24014) 1.0857408041243934
(24005 24015) 0.33374531664757573
(24005 24016) 0.27527657691413915
(24005 24017) 1.0956557114127183
(24005 24018) 1.679927223312108
(24005 24019) 0.9965432148102266
(24005 24020) 0.780902023332368
(24005 24021) 1.59875332832475
(24005 24022) 0.7608734977380662
(24005 24023) 0.14656173238066253
(24005 24024) 0.3610652873810902
(24005 24025) 0.2680600445804223
(24005 24026) 0.7687541149450823
(24005 24027) 0.3412983150874778
(24005 24028) 1.362350860815757
(24005 24029) 0.5681729867195384
(24005 24030) 1.0896466286353692
(24005 24031) 1.2937418201073
(24005 24032) 0.38794114116629735
(24005 24033) 0.5826270685122782
(24005 24034) 0.607243788191629
(24005 24035) 0.9541632867571181
(24005 24036) 1.4736549410584046
(24005 24037) 0.3822780707149531
(24005 24038) 0.6781906577481315
(24005 24039) 0.543037509828953
(24005 24040) 1.6018065365914573
(24005 24041) 0.7098454510775781
(24005 24042) 0.37884910447838843
(24005 24043) 1.382227715973081
(24005 24044) 0.4331469786259697
(24005 24045) 0.6832612869026382
(24005 24046) 0.5121066370506279
(24005 24047) 0.9222304790748661
(24005 24048) 1.232393426924984
(24005 24049) 0.5348812448052546
(24005 24050) 1.6821676413773923
(24005 24051) 0.7183508391926998
(24005 24052) 0.5816247253236557
(24005 24053) 0.9017965938670417
(24005 24054) 0.32219577563453317
(24005 24055) 1.7732039358888105
(24005 24056) 0.4309027600557566
(24005 24057) 0.21035907222474648
(24005 24058) 1.5325562683838077
(24006 24001) 1.0566300105210467
(24006 24002) 1.1656250000000001
(24006 24003) 0.8718710700062879
(24006 24004) 0.7842784587937386
(24006 24005) 0.9709162413850951
(24006 24006) 0.0
(24006 24007) 0.8326252451601772
(24006 24008) 1.7988299826759395
(24006 24009) 1.8299979864736124
(24006 24010) 1.0135776962279215
(24006 24011) 0.9068392572532822
(24006 24012) 0.7392961699802594
(24006 24013) 1.3004899134504113
(24006 24014) 1.5446946978634974
(24006 24015) 1.0503399251520436
(24006 24016) 0.9883363926958507
(24006 24017) 1.0979658236626562
(24006 24018) 1.8849663600931825
(24006 24019) 0.7704863755894088
(24006 24020) 1.3940113162832357
(24006 24021) 1.8047069704717167
(24006 24022) 1.1256921102761843
(24006 24023) 0.9705171189785877
(24006 24024) 1.1350133911082176
(24006 24025) 1.101095906414483
(24006 24026) 0.7574530150937866
(24006 24027) 0.8100664133120746
(24006 24028) 1.7353086439762115
(24006 24029) 0.9238704479155041
(24006 24030) 0.961146531893325
(24006 24031) 1.2809635416666667
(24006 24032) 0.8596615545315787
(24006 24033) 0.9115151491015675
(24006 24034) 0.6928134349101789
(24006 24035) 1.4384731876506478
(24006 24036) 1.7260156903335022
(24006 24037) 0.9497833141616789
(24006 24038) 0.7262543132679112
(24006 24039) 0.9126754860928548
(24006 24040) 1.8343908084432674
(24006 24041) 0.7153369983899383
(24006 24042) 1.2081579084557867
(24006 24043) 1.4365537029474953
(24006 24044) 0.916199712643678
(24006 24045) 0.8945008414011164
(24006 24046) 1.0131044487376664
(24006 24047) 1.1354930180736957
(24006 24048) 1.6845745916230628
(24006 24049) 0.9704376158915505
(24006 24050) 1.8861007286947327
(24006 24051) 1.0497166016234847
(24006 24052) 0.7823029377761385
(24006 24053) 1.0073500286591184
(24006 24054) 0.707199331731694
(24006 24055) 1.844266837861919
(24006 24056) 0.8447721928885401
(24006 24057) 0.7939119497016685
(24006 24058) 1.7585250170508768
(24007 24001) 0.5500661459233733
(24007 24002) 0.4762263949484675
(24007 24003) 0.6090660612262437
(24007 24004) 0.7239853801787337
(24007 24005) 0.5912849020537451
(24007 24006) 0.8326252451601772
(24007 24007) 0.0
(24007 24008) 1.4059575380895697
(24007 24009) 1.4995330195108165
(24007 24010) 0.5286819457012265
(24007 24011) 0.35762727036018754
(24007 24012) 0.42877449647562516
(24007 24013) 0.8200133734899528
(24007 24014) 0.9952896346824105
(24007 24015) 0.5683915709929542
(24007 24016) 0.5339308408935868
(24007 24017) 0.8494198596573082
(24007 24018) 1.5609925182879587
(24007 24019) 0.5654659539855915
(24007 24020) 0.9450551517236909
(24007 24021) 1.4801333376463117
(24007 24022) 0.5843876652706526
(24007 24023) 0.5011278347345631
(24007 24024) 0.6341701482290039
(24007 24025) 0.634109464294017
(24007 24026) 0.2897218898731243
(24007 24027) 0.28251557464085275
(24007 24028) 1.3071965326914616
(24007 24029) 0.15347712133930363
(24007 24030) 0.7276889585785481
(24007 24031) 1.04750596835189
(24007 24032) 0.417477817620463
(24007 24033) 0.2814735035750476
(24007 24034) 0.1878026681387678
(24007 24035) 0.9717210795707334
(24007 24036) 1.352138802318595
(24007 24037) 0.6118741544596705
(24007 24038) 0.38764233167979456
(24007 24039) 0.13201246614989393
(24007 24040) 1.4725808374221143
(24007 24041) 0.21495850345159923
(24007 24042) 0.7780515657097726
(24007 24043) 1.3716220074821757
(24007 24044) 0.3697608178882271
(24007 24045) 0.45909925978431765
(24007 24046) 0.37044352643058226
(24007 24047) 0.6624099003420565
(24007 24048) 1.6118196883527593
(24007 24049) 0.19253261404838426
(24007 24050) 1.5601529356568602
(24007 24051) 0.8348583985173653
(24007 24052) 0.1249980750973913
(24007 24053) 0.8841236182462069
(24007 24054) 0.6129468270073183
(24007 24055) 1.772735585331753
(24007 24056) 0.27391778156818286
(24007 24057) 0.5318375737950851
(24007 24058) 1.4129368926624277
(24008 24001) 1.0731001356629262
(24008 24002) 1.074583164708245
(24008 24003) 1.6633588635966579
(24008 24004) 1.9137300621592743
(24008 24005) 1.2329951965527515
(24008 24006) 1.7988299826759395
(24008 24007) 1.4059575380895697
(24008 24008) 0.0
(24008 24009) 0.45977010681871333
(24008 24010) 1.3329560516884191
(24008 24011) 1.2257679930888383
(24008 24012) 1.2095331051282514
(24008 24013) 0.7983912512066731
(24008 24014) 0.6471229859400828
(24008 24015) 0.9238568514889859
(24008 24016) 1.2374731145025168
(24008 24017) 1.7967898134123166
(24008 24018) 0.479468283357423
(24008 24019) 1.9038554841503903
(24008 24020) 0.6056813146299405
(24008 24021) 0.40634299929043904
(24008 24022) 0.8483968383362573
(24008 24023) 1.1645358849703416
(24008 24024) 1.0232422102636403
(24008 24025) 1.0154245535427049
(24008 24026) 1.2812564396504817
(24008 24027) 1.2939716936750592
(24008 24028) 0.2951275033462585
(24008 24029) 1.4351756720798563
(24008 24030) 1.9137300621592745
(24008 24031) 1.940854041029595
(24008 24032) 1.203796156133902
(24008 24033) 1.4899393378524421
(24008 24034) 1.4219070825075697
(24008 24035) 0.6672672549838075
(24008 24036) 0.36063580308190774
(24008 24037) 1.3607486678139986
(24008 24038) 1.6788643778055277
(24008 24039) 1.3985492630418632
(24008 24040) 0.42085962642910246
(24008 24041) 1.4229361380578125
(24008 24042) 1.2016427455258167
(24008 24043) 1.7753693304401794
(24008 24044) 1.0460968634607355
(24008 24045) 1.6693924513125937
(24008 24046) 1.0390491594609115
(24008 24047) 1.5732277116372402
(24008 24048) 1.4619874196608638
(24008 24049) 1.2718241141757383
(24008 24050) 0.46432166757224425
(24008 24051) 1.5092858452498856
(24008 24052) 1.39184686117556
(24008 24053) 1.7527030726261457
(24008 24054) 1.391637654405104
(24008 24055) 1.764595108891504
(24008 24056) 1.2850095211856916
(24008 24057) 1.268464751415325
(24008 24058) 0.3604263188466371
(24009 24001) 1.4593668510839375
(24009 24002) 1.1513026350424396
(24009 24003) 1.7343575612482929
(24009 24004) 1.9373417364736123
(24009 24005) 1.6287587186801604
(24009 24006) 1.8299979864736124
(24009 24007) 1.4995330195108165
(24009 24008) 0.45977010681871333
(24009 24009) 0.0
(24009 24010) 1.7229228458326518
(24009 24011) 1.4326226181108839
(24009 24012) 1.3523516067499803
(24009 24013) 1.1148676356976308
(24009 24014) 0.8507357140800087
(24009 24015) 1.3047116050005776
(24009 24016) 1.664897319586795
(24009 24017) 1.830879480839451
(24009 24018) 0.47950387542045253
(24009 24019) 1.9373417364736125
(24009 24020) 0.9716399672498822
(24009 24021) 0.4598416183477461
(24009 24022) 0.9181920913198693
(24009 24023) 1.5358807830885686
(24009 24024) 1.4361540146687546
(24009 24025) 1.4057758434267384
(24009 24026) 1.3171776098616546
(24009 24027) 1.6053393380652836
(24009 24028) 0.4298167178331533
(24009 24029) 1.4958403042352284
(24009 24030) 1.9373417364736123
(24009 24031) 1.9968116170783676
(24009 24032) 1.5008859363607399
(24009 24033) 1.632511865185222
(24009 24034) 1.4839349543275389
(24009 24035) 0.9065898602415481
(24009 24036) 0.42085303246009836
(24009 24037) 1.7406651002270652
(24009 24038) 1.668672516751257
(24009 24039) 1.4415359864078903
(24009 24040) 0.4493556367010393
(24009 24041) 1.4812249456228066
(24009 24042) 1.5755163134472085
(24009 24043) 1.8159004116948338
(24009 24044) 1.3343963341747618
(24009 24045) 1.9250777853084449
(24009 24046) 1.2858239108470682
(24009 24047) 1.6445118903812121
(24009 24048) 1.4166382094319145
(24009 24049) 1.4260323916471778
(24009 24050) 0.4776959655761582
(24009 24051) 1.7745677959504875
(24009 24052) 1.461554667487581
(24009 24053) 1.8202402934145305
(24009 24054) 1.7551245451849753
(24009 24055) 1.820641529392166
(24009 24056) 1.5075857829857493
(24009 24057) 1.63321219021388
(24009 24058) 0.4387673783406064
(24010 24001) 0.4967721741789997
(24010 24002) 0.7875198232366198
(24010 24003) 0.7484416208653684
(24010 24004) 0.7370354943322127
(24010 24005) 0.42056032232649565
(24010 24006) 1.0135776962279215
(24010 24007) 0.5286819457012265
(24010 24008) 1.3329560516884191
(24010 24009) 1.7229228458326518
(24010 24010) 0.0
(24010 24011) 0.6418035612594213
(24010 24012) 0.7968545734421442
(24010 24013) 0.7984536962442009
(24010 24014) 1.2689474765539255
(24010 24015) 0.5297552024517446
(24010 24016) 0.3332046664728472
(24010 24017) 0.6836954932153503
(24010 24018) 1.7789783062070543
(24010 24019) 0.6718237085081273
(24010 24020) 0.8995805123815588
(24010 24021) 1.6981191255654067
(24010 24022) 0.9161561106164526
(24010 24023) 0.42949617964605014
(24010 24024) 0.5832115357854162
(24010 24025) 0.5422454729316994
(24010 24026) 0.6882839917694282
(24010 24027) 0.4457625193714133
(24010 24028) 1.4983357644962256
(24010 24029) 0.46987068627156164
(24010 24030) 0.7370354943322126
(24010 24031) 0.8799797685281604
(24010 24032) 0.5597549576564695
(24010 24033) 0.3535202129457742
(24010 24034) 0.6877002529468248
(24010 24035) 1.0921862926135433
(24010 24036) 1.5740559458917605
(24010 24037) 0.34199727359158494
(24010 24038) 0.6545574087335502
(24010 24039) 0.5138456200276618
(24010 24040) 1.6959706637439487
(24010 24041) 0.5570364192906258
(24010 24042) 0.7039160529741741
(24010 24043) 1.386248860197218
(24010 24044) 0.5309025814961372
(24010 24045) 0.37426400064609616
(24010 24046) 0.4878672076808696
(24010 24047) 0.6078342247363834
(24010 24048) 1.304209734047377
(24010 24049) 0.41751166543012114
(24010 24050) 1.7779188750895023
(24010 24051) 0.6750615602036991
(24010 24052) 0.6073936504274321
(24010 24053) 0.9723153546028056
(24010 24054) 0.48295600694935925
(24010 24055) 1.7727355853317532
(24010 24056) 0.6018465935910631
(24010 24057) 0.4747050037663009
(24010 24058) 1.630922680581523
(24011 24001) 0.4077924873719271
(24011 24002) 0.6279449027039793
(24011 24003) 0.5902931702305558
(24011 24004) 1.0257975274073257
(24011 24005) 0.44094248248326684
(24011 24006) 0.9068392572532822
(24011 24007) 0.35762727036018754
(24011 24008) 1.2257679930888383
(24011 24009) 1.4326226181108839
(24011 24010) 0.6418035612594213
(24011 24011) 0.0
(24011 24012) 0.3663665516839509
(24011 24013) 0.5193046183353657
(24011 24014) 0.9273780784545934
(24011 24015) 0.40117145128829457
(24011 24016) 0.5065353602582854
(24011 24017) 1.078246269048714
(24011 24018) 1.4906467833135142
(24011 24019) 0.8870743863468007
(24011 24020) 0.7095811712132744
(24011 24021) 1.409787602671867
(24011 24022) 0.5321360221252305
(24011 24023) 0.39659923431076777
(24011 24024) 0.34404465826709185
(24011 24025) 0.4211985339982953
(24011 24026) 0.5159392880641561
(24011 24027) 0.3483555438870176
(24011 24028) 1.0936008183919834
(24011 24029) 0.41431812499714304
(24011 24030) 1.0257975274073257
(24011 24031) 1.2751041034873767
(24011 24032) 0.3211631838927695
(24011 24033) 0.4731582400488525
(24011 24034) 0.3792071870517522
(24011 24035) 0.7178995634903607
(24011 24036) 1.2851508638723679
(24011 24037) 0.6230168718032589
(24011 24038) 0.6463402233939259
(24011 24039) 0.366496754136501
(24011 24040) 1.3999180065434556
(24011 24041) 0.5192605466978513
(24011 24042) 0.6684816790635283
(24011 24043) 1.375057341056687
(24011 24044) 0.2673890287163019
(24011 24045) 0.6613334399009213
(24011 24046) 0.3370045472075531
(24011 24047) 0.8900080354775436
(24011 24048) 1.5110952334259122
(24011 24049) 0.31859267487234244
(24011 24050) 1.4886787690821832
(24011 24051) 0.7485474747341848
(24011 24052) 0.3525994339265519
(24011 24053) 0.8630182378074119
(24011 24054) 0.5317832761171616
(24011 24055) 1.771827002217974
(24011 24056) 0.26192803662532327
(24011 24057) 0.5128533787678411
(24011 24058) 1.329289561457036
(24012 24001) 0.47388742527061584
(24012 24002) 0.6967233718227291
(24012 24003) 0.7604761744112736
(24012 24004) 0.8788613074260002
(24012 24005) 0.609568511957878
(24012 24006) 0.7392961699802594
(24012 24007) 0.42877449647562516
(24012 24008) 1.2095331051282514
(24012 24009) 1.3523516067499803
(24012 24010) 0.7968545734421442
(24012 24011) 0.3663665516839509
(24012 24012) 0.0
(24012 24013) 0.6084569904641903
(24012 24014) 0.8366485278832382
(24012 24015) 0.39368935780362857
(24012 24016) 0.6980485250375625
(24012 24017) 1.18192493370618
(24012 24018) 1.4232984596419702
(24012 24019) 0.7741399641398881
(24012 24020) 0.7381703300812404
(24012 24021) 1.342439279000323
(24012 24022) 0.48716360063579955
(24012 24023) 0.5428296986404029
(24012 24024) 0.500732262838014
(24012 24025) 0.48185911664063924
(24012 24026) 0.378058467378001
(24012 24027) 0.4447757985344382
(24012 24028) 1.138027027855917
(24012 24029) 0.53415576990086
(24012 24030) 1.0557293805255867
(24012 24031) 1.3755463902989284
(24012 24032) 0.4573013616376025
(24012 24033) 0.6044817580207652
(24012 24034) 0.2967938693103003
(24012 24035) 0.786956456662467
(24012 24036) 1.2210389180467385
(24012 24037) 0.8169462368908954
(24012 24038) 0.5797774047821734
(24012 24039) 0.4858834628434528
(24012 24040) 1.3291207576018862
(24012 24041) 0.39398653222938296
(24012 24042) 0.6978099049569191
(24012 24043) 1.3685129593658643
(24012 24044) 0.3445842328412781
(24012 24045) 0.7298552269021498
(24012 24046) 0.42098418999542175
(24012 24047) 0.9904503222890949
(24012 24048) 1.544718039626698
(24012 24049) 0.4306550794407508
(24012 24050) 1.4224588770108715
(24012 24051) 0.9057002437900741
(24012 24052) 0.35477914281464235
(24012 24053) 0.8724702150568552
(24012 24054) 0.4784726679654951
(24012 24055) 1.773293707353745
(24012 24056) 0.3782432589309652
(24012 24057) 0.48568001125073257
(24012 24058) 1.2773009924786758
(24013 24001) 0.5554962375522761
(24013 24002) 0.6823021467709613
(24013 24003) 1.0069079362885813
(24013 24004) 1.4242050224869773
(24013 24005) 0.6604390365246308
(24013 24006) 1.3004899134504113
(24013 24007) 0.8200133734899528
(24013 24008) 0.7983912512066731
(24013 24009) 1.1148676356976308
(24013 24010) 0.7984536962442009
(24013 24011) 0.5193046183353657
(24013 24012) 0.6084569904641903
(24013 24013) 0.0
(24013 24014) 0.6920814937434049
(24013 24015) 0.39277865347131385
(24013 24016) 0.6902996422662786
(24013 24017) 1.3342146426534653
(24013 24018) 1.2179553422937641
(24013 24019) 1.3553339186525146
(24013 24020) 0.25249106259030796
(24013 24021) 1.1370961616521171
(24013 24022) 0.47517726023054885
(24013 24023) 0.6123065578466754
(24013 24024) 0.3778248085054848
(24013 24025) 0.4517956871775312
(24013 24026) 0.7917313999781854
(24013 24027) 0.7024792383020827
(24013 24028) 0.7592690697753356
(24013 24029) 0.8464349397950912
(24013 24030) 1.4242050224869776
(24013 24031) 1.5323007513480469
(24013 24032) 0.6165961034964181
(24013 24033) 0.9414177723545664
(24013 24034) 0.8265451892381028
(24013 24035) 0.4010009388828498
(24013 24036) 1.0110437635621434
(24013 24037) 0.786562837846928
(24013 24038) 1.0597418370326706
(24013 24039) 0.7772167408561895
(24013 24040) 1.1058578162096637
(24013 24041) 0.8968700718718332
(24013 24042) 0.6706894320145376
(24013 24043) 1.4005134298594033
(24013 24044) 0.49757529796285926
(24013 24045) 1.0476001415981946
(24013 24046) 0.4701531710639334
(24013 24047) 1.1472046833382137
(24013 24048) 1.3827758679470596
(24013 24049) 0.6846000651344337
(24013 24050) 1.2003069366753056
(24013 24051) 0.9445533322264997
(24013 24052) 0.7815414530815934
(24013 24053) 1.1288732060086575
(24013 24054) 0.788797402288566
(24013 24055) 1.7535641082932025
(24013 24056) 0.685358964982509
(24013 24057) 0.7412660120285937
(24013 24058) 1.035341428892596
(24014 24001) 0.9334725241580398
(24014 24002) 0.9271638541099619
(24014 24003) 1.3954883672186127
(24014 24004) 1.6641478228634976
(24014 24005) 1.0857408041243934
(24014 24006) 1.5446946978634974
(24014 24007) 0.9952896346824105
(24014 24008) 0.6471229859400828
(24014 24009) 0.8507357140800087
(24014 24010) 1.2689474765539255
(24014 24011) 0.9273780784545934
(24014 24012) 0.8366485278832382
(24014 24013) 0.6920814937434049
(24014 24014) 0.0
(24014 24015) 0.7989186238878463
(24014 24016) 1.1632517419576598
(24014 24017) 1.8063785434072517
(24014 24018) 0.9730714437807451
(24014 24019) 1.3982719781003163
(24014 24020) 0.5771744770175644
(24014 24021) 0.9490942991282677
(24014 24022) 0.5852761453035014
(24014 24023) 1.0047387838682815
(24014 24024) 0.9032295756686226
(24014 24025) 0.9446592602398497
(24014 24026) 1.0316742003547053
(24014 24027) 0.8777278175780918
(24014 24028) 0.772220039520456
(24014 24029) 1.0755946312684628
(24014 24030) 1.6801829902266583
(24014 24031) 2.0
(24014 24032) 0.9592300666054716
(24014 24033) 1.1856760545431375
(24014 24034) 0.9901218268884304
(24014 24035) 0.6587200954334133
(24014 24036) 0.8476357006487252
(24014 24037) 1.274073407704156
(24014 24038) 1.1055359187190033
(24014 24039) 1.0222252522082598
(24014 24040) 0.8995963092954762
(24014 24041) 1.1368128722483528
(24014 24042) 1.0152935522770956
(24014 24043) 1.6592991543547786
(24014 24044) 0.79691091954023
(24014 24045) 1.2374330009559644
(24014 24046) 0.8707579042912614
(24014 24047) 1.6149039319901666
(24014 24048) 1.3880279626025616
(24014 24049) 1.0306701665664717
(24014 24050) 0.9660613735426039
(24014 24051) 1.4669622193958762
(24014 24052) 0.9194756004379594
(24014 24053) 1.5184155570508302
(24014 24054) 1.0663362146565807
(24014 24055) 1.820137996695897
(24014 24056) 0.8192336405580692
(24014 24057) 0.991322977213936
(24014 24058) 0.9014006270522228
(24015 24001) 0.20269716256493178
(24015 24002) 0.6802894009222815
(24015 24003) 0.8541244074886861
(24015 24004) 1.175157633485377
(24015 24005) 0.33374531664757573
(24015 24006) 1.0503399251520436
(24015 24007) 0.5683915709929542
(24015 24008) 0.9238568514889859
(24015 24009) 1.3047116050005776
(24015 24010) 0.5297552024517446
(24015 24011) 0.40117145128829457
(24015 24012) 0.39368935780362857
(24015 24013) 0.39277865347131385
(24015 24014) 0.7989186238878463
(24015 24015) 0.0
(24015 24016) 0.4152995546216212
(24015 24017) 1.1744613490462286
(24015 24018) 1.3694086338164635
(24015 24019) 1.1125737858867724
(24015 24020) 0.48560109053004047
(24015 24021) 1.2885494531748163
(24015 24022) 0.46966736431429157
(24015 24023) 0.2592749503478755
(24015 24024) 0.2719961787507109
(24015 24025) 0.168225790403001
(24015 24026) 0.5440612446451559
(24015 24027) 0.45867193958819996
(24015 24028) 1.082790136151889
(24015 24029) 0.6107811154324179
(24015 24030) 1.1751576334853768
(24015 24031) 1.3725474577408103
(24015 24032) 0.42274776684476106
(24015 24033) 0.698657639588824
(24015 24034) 0.5857263988786813
(24015 24035) 0.679315721549837
(24015 24036) 1.1605549178470993
(24015 24037) 0.535738299532553
(24015 24038) 0.8544698211580893
(24015 24039) 0.5741547063944249
(24015 24040) 1.2777594229118754
(24015 24041) 0.6580220712683259
(24015 24042) 0.4736732618734816
(24015 24043) 1.3683844774434326
(24015 24044) 0.25481516519711706
(24015 24045) 0.832692801876868
(24015 24046) 0.30619865255255835
(24015 24047) 0.9874513897309769
(24015 24048) 1.245619574054876
(24015 24049) 0.4473529140089612
(24015 24050) 1.3683492026989112
(24015 24051) 0.8189086674449356
(24015 24052) 0.5607290316907153
(24015 24053) 0.9276889180458671
(24015 24054) 0.4874535810193392
(24015 24055) 1.7727355853317532
(24015 24056) 0.4466246707320938
(24015 24057) 0.3704223610865772
(24015 24058) 1.2213530081909323
(24016 24001) 0.3727377810091638
(24016 24002) 0.781034187854904
(24016 24003) 0.7196656786306553
(24016 24004) 0.9834142612754458
(24016 24005) 0.27527657691413915
(24016 24006) 0.9883363926958507
(24016 24007) 0.5339308408935868
(24016 24008) 1.2374731145025168
(24016 24009) 1.664897319586795
(24016 24010) 0.3332046664728472
(24016 24011) 0.5065353602582854
(24016 24012) 0.6980485250375625
(24016 24013) 0.6902996422662786
(24016 24014) 1.1632517419576598
(24016 24015) 0.4152995546216212
(24016 24016) 0.0
(24016 24017) 0.9598502453945519
(24016 24018) 1.7160658242187432
(24016 24019) 0.8906125958912254
(24016 24020) 0.7912703591160918
(24016 24021) 1.6235049192617763
(24016 24022) 0.8143700264673639
(24016 24023) 0.2896938172728038
(24016 24024) 0.4439991670214774
(24016 24025) 0.37910057586943985
(24016 24026) 0.6986603484917943
(24016 24027) 0.3689046747836958
(24016 24028) 1.3715840645009114
(24016 24029) 0.5643553767647114
(24016 24030) 0.983414261275446
(24016 24031) 1.157167586402479
(24016 24032) 0.4830687391886464
(24016 24033) 0.5090819039948508
(24016 24034) 0.5826937673567051
(24016 24035) 0.9189529258415582
(24016 24036) 1.5058331387730663
(24016 24037) 0.2828256064147477
(24016 24038) 0.6487917982314935
(24016 24039) 0.5298443737435004
(24016 24040) 1.5941627679205876
(24016 24041) 0.6452577882116712
(24016 24042) 0.5562964544845987
(24016 24043) 1.3822277159730807
(24016 24044) 0.40927645467089463
(24016 24045) 0.6419516169965636
(24016 24046) 0.41900201498027695
(24016 24047) 0.8217948462766803
(24016 24048) 1.2615153069338714
(24016 24049) 0.4732845674133143
(24016 24050) 1.701794782074761
(24016 24051) 0.679086657302284
(24016 24052) 0.5344742286583121
(24016 24053) 0.9475049558985646
(24016 24054) 0.4042908071777191
(24016 24055) 1.765063459448562
(24016 24056) 0.5164140001333342
(24016 24057) 0.3461676085084744
(24016 24058) 1.5465295946319735
(24017 24001) 1.157584443347455
(24017 24002) 0.9468738656346336
(24017 24003) 1.022829497085726
(24017 24004) 0.4290259065355842
(24017 24005) 1.0956557114127183
(24017 24006) 1.0979658236626562
(24017 24007) 0.8494198596573082
(24017 24008) 1.7967898134123166
(24017 24009) 1.830879480839451
(24017 24010) 0.6836954932153503
(24017 24011) 1.078246269048714
(24017 24012) 1.18192493370618
(24017 24013) 1.3342146426534653
(24017 24014) 1.8063785434072517
(24017 24015) 1.1744613490462286
(24017 24016) 0.9598502453945519
(24017 24017) 0.0
(24017 24018) 1.8820479854713992
(24017 24019) 0.7441792103580613
(24017 24020) 1.431043866112924
(24017 24021) 1.8014738815042224
(24017 24022) 1.2311660255940406
(24017 24023) 1.073771711924441
(24017 24024) 1.2538754528116174
(24017 24025) 1.1822117048769931
(24017 24026) 0.8786335504435007
(24017 24027) 1.0096487581665015
(24017 24028) 1.7324992346283588
(24017 24029) 0.7860295980555163
(24017 24030) 0.2521578334359978
(24017 24031) 0.1980861086945817
(24017 24032) 1.0833789254182216
(24017 24033) 0.6207024888641143
(24017 24034) 0.9921616763210227
(24017 24035) 1.4376891087286539
(24017 24036) 1.7155684632830965
(24017 24037) 0.9186458691081802
(24017 24038) 0.9302416357959544
(24017 24039) 0.8546781395165175
(24017 24040) 1.8278979152935118
(24017 24041) 0.8114963119203681
(24017 24042) 1.3461762554768906
(24017 24043) 1.5155923484183373
(24017 24044) 1.009467623867022
(24017 24045) 0.7963792988250444
(24017 24046) 0.9440417979077812
(24017 24047) 0.22900180582812457
(24017 24048) 1.7643341206309022
(24017 24049) 0.8060790266723178
(24017 24050) 1.8864822032557849
(24017 24051) 1.0575751835505396
(24017 24052) 0.9442792168479865
(24017 24053) 1.1764168940693867
(24017 24054) 1.100495819514066
(24017 24055) 1.841960703392347
(24017 24056) 1.082966649545133
(24017 24057) 1.1003835656251535
(24017 24058) 1.7473750846759513
(24018 24001) 1.5154845622210993
(24018 24002) 1.1444931984081734
(24018 24003) 1.7855260658802408
(24018 24004) 1.9885102411055602
(24018 24005) 1.679927223312108
(24018 24006) 1.8849663600931825
(24018 24007) 1.5609925182879587
(24018 24008) 0.479468283357423
(24018 24009) 0.47950387542045253
(24018 24010) 1.7789783062070543
(24018 24011) 1.4906467833135142
(24018 24012) 1.4232984596419702
(24018 24013) 1.2179553422937641
(24018 24014) 0.9730714437807451
(24018 24015) 1.3694086338164635
(24018 24016) 1.7160658242187432
(24018 24017) 1.8820479854713992
(24018 24018) 0.0
(24018 24019) 1.9885102411055604
(24018 24020) 1.051863179003514
(24018 24021) 0.09256090495696725
(24018 24022) 0.9939595628612908
(24018 24023) 1.606962000138869
(24018 24024) 1.494119387201385
(24018 24025) 1.4632321539432585
(24018 24026) 1.3683461144936027
(24018 24027) 1.6630476703372934
(24018 24028) 0.5075234545230699
(24018 24029) 1.5663362209304532
(24018 24030) 1.9885102411055604
(24018 24031) 1.9900021804441017
(24018 24032) 1.5621157976541085
(24018 24033) 1.68368036981717
(24018 24034) 1.549869489435006
(24018 24035) 0.957758364873496
(24018 24036) 0.21380387709876986
(24018 24037) 1.8303423731625375
(24018 24038) 1.7695502419345739
(24018 24039) 1.5543834195973607
(24018 24040) 0.38447342117144945
(24018 24041) 1.556121362836786
(24018 24042) 1.6446749075152207
(24018 24043) 1.881508847143627
(24018 24044) 1.3855648388067097
(24018 24045) 1.9881955267598495
(24018 24046) 1.3369924154790163
(24018 24047) 1.666342496334709
(24018 24048) 1.889332648218101
(24018 24049) 1.4909630030664653
(24018 24050) 0.025408448485255593
(24018 24051) 1.8257363005824359
(24018 24052) 1.5499593227763167
(24018 24053) 1.8833183999030803
(24018 24054) 1.8394452548056572
(24018 24055) 1.814934034537521
(24018 24056) 1.5700566685606088
(24018 24057) 1.709531083717171
(24018 24058) 0.18261391340116845
(24019 24001) 1.0716926087665575
(24019 24002) 0.856396298312466
(24019 24003) 0.8602625235799625
(24019 24004) 0.3346533284437203
(24019 24005) 0.9965432148102266
(24019 24006) 0.7704863755894088
(24019 24007) 0.5654659539855915
(24019 24008) 1.9038554841503903
(24019 24009) 1.9373417364736125
(24019 24010) 0.6718237085081273
(24019 24011) 0.8870743863468007
(24019 24012) 0.7741399641398881
(24019 24013) 1.3553339186525146
(24019 24014) 1.3982719781003163
(24019 24015) 1.1125737858867724
(24019 24016) 0.8906125958912254
(24019 24017) 0.7441792103580613
(24019 24018) 1.9885102411055604
(24019 24019) 0.0
(24019 24020) 1.4734896257286263
(24019 24021) 1.9079361371383836
(24019 24022) 1.1052060660630854
(24019 24023) 0.986535130657429
(24019 24024) 1.1648564317647603
(24019 24025) 1.1569008764267972
(24019 24026) 0.6324736225087926
(24019 24027) 0.7061404704150882
(24019 24028) 1.8434261423643534
(24019 24029) 0.56128864253562
(24019 24030) 0.5115214015433067
(24019 24031) 0.8313384113166484
(24019 24032) 0.9508963111179518
(24019 24033) 0.4309306121577342
(24019 24034) 0.5633914919464633
(24019 24035) 1.490068661500905
(24019 24036) 1.8198250077267615
(24019 24037) 0.8744858018910358
(24019 24038) 0.40605552896122554
(24019 24039) 0.6555457304686568
(24019 24040) 1.923725497399007
(24019 24041) 0.5273349506151448
(24019 24042) 1.221680586090878
(24019 24043) 1.5099574234308475
(24019 24044) 0.8577586206896552
(24019 24045) 0.3546417950299694
(24019 24046) 0.8893399223438052
(24019 24047) 0.7768701158199653
(24019 24048) 1.7844086113438555
(24019 24049) 0.6980610960765317
(24019 24050) 1.992944458889946
(24019 24051) 1.097028214973185
(24019 24052) 0.5860600147538253
(24019 24053) 1.059987614837532
(24019 24054) 0.7221148419197286
(24019 24055) 1.9484727180670716
(24019 24056) 0.7449161534506711
(24019 24057) 0.8469847140252491
(24019 24058) 1.8538650019189473
(24020 24001) 0.6559305282849993
(24020 24002) 0.7264404442064049
(24020 24003) 1.1636695839141584
(24020 24004) 1.5188290246165688
(24020 24005) 0.780902023332368
(24020 24006) 1.3940113162832357
(24020 24007) 0.9450551517236909
(24020 24008) 0.6056813146299405
(24020 24009) 0.9716399672498822
(24020 24010) 0.8995805123815588
(24020 24011) 0.7095811712132744
(24020 24012) 0.7381703300812404
(24020 24013) 0.25249106259030796
(24020 24014) 0.5771744770175644
(24020 24015) 0.48560109053004047
(24020 24016) 0.7912703591160918
(24020 24017) 1.431043866112924
(24020 24018) 1.051863179003514
(24020 24019) 1.4734896257286263
(24020 24020) 0.0
(24020 24021) 0.9710039983618669
(24020 24022) 0.43613716095950295
(24020 24023) 0.699704408763033
(24020 24024) 0.5214576813563976
(24020 24025) 0.551786908742914
(24020 24026) 0.8863554021077767
(24020 24027) 0.8295141254068801
(24020 24028) 0.6462739750750953
(24020 24029) 0.9734870038142961
(24020 24030) 1.5188290246165685
(24020 24031) 1.6281761414068128
(24020 24032) 0.7276580436066695
(24020 24033) 1.0595734794306786
(24020 24034) 0.9543296139303254
(24020 24035) 0.24875174841410316
(24020 24036) 0.8460928187071416
(24020 24037) 0.8993037506701812
(24020 24038) 1.207448414481561
(24020 24039) 0.9271332997178962
