!n: Number of areas
n: 18
!I: Set if areas
I: [25001 25002 25003 25004 25005 25006 25007 25008 25009 25010 25011 25012 25013 25014 25015 25016 25017 25018 ]
!p: Number of regions
p: 7
!K: Set of regions
K: [1 2 3 4 5 6 7 ]
!N: Node Neighbor Set
N: [
(25001) [25010 25011 25017]
(25002) [25011 25013 25015 25018]
(25003) [25006 25013 25017]
(25004) [25012 25014]
(25005) [25006 25008 25016]
(25006) [25003 25005 25008 25013 25018]
(25007) [25010 25017]
(25008) [25005 25006 25016]
(25009) [25014]
(25010) [25001 25007 25017]
(25011) [25001 25002 25015 25017]
(25012) [25004 25014 25016]
(25013) [25002 25003 25006 25015 25017 25018]
(25014) [25004 25009 25012]
(25015) [25002 25011 25013 25017]
(25016) [25005 25008 25012]
(25017) [25001 25003 25007 25010 25011 25013 25015]
(25018) [25002 25006 25013]
]
!d(i,j): distance list
d: [
(25001 25001) 0.0
(25001 25002) 0.5952447978353627
(25001 25003) 1.1172952127873443
(25001 25004) 0.9721263346052792
(25001 25005) 1.4856789131035273
(25001 25006) 0.2532171804884983
(25001 25007) 0.9776525109688411
(25001 25008) 0.7618039010518166
(25001 25009) 0.7089567417116018
(25001 25010) 0.8338373819724837
(25001 25011) 0.3927412779864443
(25001 25012) 0.34117048505523045
(25001 25013) 1.0797122522859786
(25001 25014) 0.648812739242384
(25001 25015) 0.5052509424834355
(25001 25016) 0.9777142138537409
(25001 25017) 0.8470234696295859
(25001 25018) 0.39843786306972256
(25002 25001) 0.5952447978353627
(25002 25002) 0.0
(25002 25003) 1.1476247318263046
(25002 25004) 1.043226881202497
(25002 25005) 1.4882673103379258
(25002 25006) 0.6551086102156631
(25002 25007) 1.060146841667029
(25002 25008) 0.8361363922767084
(25002 25009) 0.6949887202834191
(25002 25010) 1.0536469823915338
(25002 25011) 0.5778374817993668
(25002 25012) 0.6706137903558648
(25002 25013) 1.1352157423832234
(25002 25014) 0.7763100092064676
(25002 25015) 0.9255485151060068
(25002 25016) 1.0616748090265236
(25002 25017) 0.8627441753058719
(25002 25018) 0.4454839472231924
(25003 25001) 1.1172952127873443
(25003 25002) 1.1476247318263046
(25003 25003) 0.0
(25003 25004) 1.2048929767899226
(25003 25005) 1.517933066345552
(25003 25006) 1.1225384497302975
(25003 25007) 0.34074677867244413
(25003 25008) 0.4749936212543251
(25003 25009) 0.5006342331245991
(25003 25010) 1.421088351941714
(25003 25011) 0.8469207060867997
(25003 25012) 1.0140711724699223
(25003 25013) 0.22733061924045855
(25003 25014) 1.0947301497374744
(25003 25015) 1.0249380161204653
(25003 25016) 1.301037398263854
(25003 25017) 0.44525450172490444
(25003 25018) 0.9319697020677153
(25004 25001) 0.9721263346052792
(25004 25002) 1.043226881202497
(25004 25003) 1.2048929767899226
(25004 25004) 0.0
(25004 25005) 0.8013278442393018
(25004 25006) 1.0058683482174922
(25004 25007) 1.0126978340978083
(25004 25008) 1.1182199449160861
(25004 25009) 0.9341126535395818
(25004 25010) 1.1372634981172067
(25004 25011) 0.8428410295000178
(25004 25012) 0.9983130636247134
(25004 25013) 1.1097943725365083
(25004 25014) 0.4583948113588298
(25004 25015) 1.1406982762008613
(25004 25016) 1.4430110995926908
(25004 25017) 0.9550522549878145
(25004 25018) 0.7908594389779302
(25005 25001) 1.4856789131035273
(25005 25002) 1.4882673103379258
(25005 25003) 1.517933066345552
(25005 25004) 0.8013278442393018
(25005 25005) 0.0
(25005 25006) 1.4958947054479368
(25005 25007) 1.5499521011428605
(25005 25008) 1.4689965668387817
(25005 25009) 1.4691287544656806
(25005 25010) 1.5622311752349618
(25005 25011) 1.4671479835814303
(25005 25012) 1.4506239245147032
(25005 25013) 1.57248989099029
(25005 25014) 1.0934970917320688
(25005 25015) 1.524757493864281
(25005 25016) 1.7574761878611482
(25005 25017) 1.4862635940392794
(25005 25018) 1.4639540896970746
(25006 25001) 0.2532171804884983
(25006 25002) 0.6551086102156631
(25006 25003) 1.1225384497302975
(25006 25004) 1.0058683482174922
(25006 25005) 1.4958947054479368
(25006 25006) 0.0
(25006 25007) 0.9915764227143223
(25006 25008) 0.8815214792953981
(25006 25009) 0.7328117525090743
(25006 25010) 0.7092069543899137
(25006 25011) 0.5219843458053933
(25006 25012) 0.26863459828590397
(25006 25013) 1.0488305102109536
(25006 25014) 0.6321182466987345
(25006 25015) 0.6720911260341937
(25006 25016) 1.0513481985735096
(25006 25017) 0.9171614038453078
(25006 25018) 0.5068150613556238
(25007 25001) 0.9776525109688411
(25007 25002) 1.060146841667029
(25007 25003) 0.34074677867244413
(25007 25004) 1.0126978340978083
(25007 25005) 1.5499521011428605
(25007 25006) 0.9915764227143223
(25007 25007) 0.0
(25007 25008) 0.6578132382740972
(25007 25009) 0.439618382988397
(25007 25010) 1.2223329366263591
(25007 25011) 0.7302788939153195
(25007 25012) 0.8664313010995489
(25007 25013) 0.23341072397066798
(25007 25014) 0.9480092800069636
(25007 25015) 1.1365398576743133
(25007 25016) 1.1645990773597756
(25007 25017) 0.47130755948127817
(25007 25018) 0.7929620418616611
(25008 25001) 0.7618039010518166
(25008 25002) 0.8361363922767084
(25008 25003) 0.4749936212543251
(25008 25004) 1.1182199449160861
(25008 25005) 1.4689965668387817
(25008 25006) 0.8815214792953981
(25008 25007) 0.6578132382740972
(25008 25008) 0.0
(25008 25009) 0.33453355143150887
(25008 25010) 1.3779808025771714
(25008 25011) 0.48713339466719574
(25008 25012) 0.8326617400241663
(25008 25013) 0.5749053179429037
(25008 25014) 0.9495029752553475
(25008 25015) 0.6630919585137868
(25008 25016) 1.0531119633193253
(25008 25017) 0.34359463856815564
(25008 25018) 0.5786475007073426
(25009 25001) 0.7089567417116018
(25009 25002) 0.6949887202834191
(25009 25003) 0.5006342331245991
(25009 25004) 0.9341126535395818
(25009 25005) 1.4691287544656806
(25009 25006) 0.7328117525090743
(25009 25007) 0.439618382988397
(25009 25008) 0.33453355143150887
(25009 25009) 0.0
(25009 25010) 1.1748596945169214
(25009 25011) 0.3738681643780123
(25009 25012) 0.6946582019209857
(25009 25013) 0.48322009843364194
(25009 25014) 0.7630608502455516
(25009 25015) 0.8053550145364071
(25009 25016) 1.168585614017901
(25009 25017) 0.30649594633637095
(25009 25018) 0.45346621378770696
(25010 25001) 0.8338373819724837
(25010 25002) 1.0536469823915338
(25010 25003) 1.421088351941714
(25010 25004) 1.1372634981172067
(25010 25005) 1.5622311752349618
(25010 25006) 0.7092069543899137
(25010 25007) 1.2223329366263591
(25010 25008) 1.3779808025771714
(25010 25009) 1.1748596945169214
(25010 25010) 0.0
(25010 25011) 1.0754678358212588
(25010 25012) 0.8380480364459432
(25010 25013) 1.3520200895168177
(25010 25014) 0.9472513102552346
(25010 25015) 1.191253718671048
(25010 25016) 1.4385010993930745
(25010 25017) 1.232454811953065
(25010 25018) 0.9626294640697177
(25011 25001) 0.3927412779864443
(25011 25002) 0.5778374817993668
(25011 25003) 0.8469207060867997
(25011 25004) 0.8428410295000178
(25011 25005) 1.4671479835814303
(25011 25006) 0.5219843458053933
(25011 25007) 0.7302788939153195
(25011 25008) 0.48713339466719574
(25011 25009) 0.3738681643780123
(25011 25010) 1.0754678358212588
(25011 25011) 0.0
(25011 25012) 0.5222693495210926
(25011 25013) 0.8263074770543812
(25011 25014) 0.6150806215509647
(25011 25015) 0.5642591678267703
(25011 25016) 1.0133662631098928
(25011 25017) 0.4724883068709432
(25011 25018) 0.22936712396364786
(25012 25001) 0.34117048505523045
(25012 25002) 0.6706137903558648
(25012 25003) 1.0140711724699223
(25012 25004) 0.9983130636247134
(25012 25005) 1.4506239245147032
(25012 25006) 0.26863459828590397
(25012 25007) 0.8664313010995489
(25012 25008) 0.8326617400241663
(25012 25009) 0.6946582019209857
(25012 25010) 0.8380480364459432
(25012 25011) 0.5222693495210926
(25012 25012) 0.0
(25012 25013) 0.9900344469247062
(25012 25014) 0.6022948452813105
(25012 25015) 0.7919028839357762
(25012 25016) 0.9985524957189004
(25012 25017) 0.7546664607407794
(25012 25018) 0.5003215957575848
(25013 25001) 1.0797122522859786
(25013 25002) 1.1352157423832234
(25013 25003) 0.22733061924045855
(25013 25004) 1.1097943725365083
(25013 25005) 1.57248989099029
(25013 25006) 1.0488305102109536
(25013 25007) 0.23341072397066798
(25013 25008) 0.5749053179429037
(25013 25009) 0.48322009843364194
(25013 25010) 1.3520200895168177
(25013 25011) 0.8263074770543812
(25013 25012) 0.9900344469247062
(25013 25013) 0.0
(25013 25014) 1.0489881873856937
(25013 25015) 0.9813000126665411
(25013 25016) 1.1307708053299856
(25013 25017) 0.4520920476895069
(25013 25018) 0.9129493021985895
(25014 25001) 0.648812739242384
(25014 25002) 0.7763100092064676
(25014 25003) 1.0947301497374744
(25014 25004) 0.4583948113588298
(25014 25005) 1.0934970917320688
(25014 25006) 0.6321182466987345
(25014 25007) 0.9480092800069636
(25014 25008) 0.9495029752553475
(25014 25009) 0.7630608502455516
(25014 25010) 0.9472513102552346
(25014 25011) 0.6150806215509647
(25014 25012) 0.6022948452813105
(25014 25013) 1.0489881873856937
(25014 25014) 0.0
(25014 25015) 0.912494849959624
(25014 25016) 1.2432649489865413
(25014 25017) 0.7791455957822733
(25014 25018) 0.5969128994026807
(25015 25001) 0.5052509424834355
(25015 25002) 0.9255485151060068
(25015 25003) 1.0249380161204653
(25015 25004) 1.1406982762008613
(25015 25005) 1.524757493864281
(25015 25006) 0.6720911260341937
(25015 25007) 1.1365398576743133
(25015 25008) 0.6630919585137868
(25015 25009) 0.8053550145364071
(25015 25010) 1.191253718671048
(25015 25011) 0.5642591678267703
(25015 25012) 0.7919028839357762
(25015 25013) 0.9813000126665411
(25015 25014) 0.912494849959624
(25015 25015) 0.0
(25015 25016) 1.012077584794003
(25015 25017) 0.8914527017554615
(25015 25018) 0.6310838498365069
(25016 25001) 0.9777142138537409
(25016 25002) 1.0616748090265236
(25016 25003) 1.301037398263854
(25016 25004) 1.4430110995926908
(25016 25005) 1.7574761878611482
(25016 25006) 1.0513481985735096
(25016 25007) 1.1645990773597756
(25016 25008) 1.0531119633193253
(25016 25009) 1.168585614017901
(25016 25010) 1.4385010993930745
(25016 25011) 1.0133662631098928
(25016 25012) 0.9985524957189004
(25016 25013) 1.1307708053299856
(25016 25014) 1.2432649489865413
(25016 25015) 1.012077584794003
(25016 25016) 0.0
(25016 25017) 1.168269845080594
(25016 25018) 1.0379785070048437
(25017 25001) 0.8470234696295859
(25017 25002) 0.8627441753058719
(25017 25003) 0.44525450172490444
(25017 25004) 0.9550522549878145
(25017 25005) 1.4862635940392794
(25017 25006) 0.9171614038453078
(25017 25007) 0.47130755948127817
(25017 25008) 0.34359463856815564
(25017 25009) 0.30649594633637095
(25017 25010) 1.232454811953065
(25017 25011) 0.4724883068709432
(25017 25012) 0.7546664607407794
(25017 25013) 0.4520920476895069
(25017 25014) 0.7791455957822733
(25017 25015) 0.8914527017554615
(25017 25016) 1.168269845080594
(25017 25017) 0.0
(25017 25018) 0.6133065449981215
(25018 25001) 0.39843786306972256
(25018 25002) 0.4454839472231924
(25018 25003) 0.9319697020677153
(25018 25004) 0.7908594389779302
(25018 25005) 1.4639540896970746
(25018 25006) 0.5068150613556238
(25018 25007) 0.7929620418616611
(25018 25008) 0.5786475007073426
(25018 25009) 0.45346621378770696
(25018 25010) 0.9626294640697177
(25018 25011) 0.22936712396364786
(25018 25012) 0.5003215957575848
(25018 25013) 0.9129493021985895
(25018 25014) 0.5969128994026807
(25018 25015) 0.6310838498365069
(25018 25016) 1.0379785070048437
(25018 25017) 0.6133065449981215
(25018 25018) 0.0
]
