!n: Number of areas
n: 72
!I: Set if areas
I: [26001 26002 26003 26004 26005 26006 26007 26008 26009 26010 26011 26012 26013 26014 26015 26016 26017 26018 26019 26020 26021 26022 26023 26024 26025 26026 26027 26028 26029 26030 26031 26032 26033 26034 26035 26036 26037 26038 26039 26040 26041 26042 26043 26044 26045 26046 26047 26048 26049 26050 26051 26052 26053 26054 26055 26056 26057 26058 26059 26060 26061 26062 26063 26064 26065 26066 26067 26068 26069 26070 26071 26072 ]
!p: Number of regions
p: 20
!K: Set of regions
K: [1 2 3 4 5 6 7 8 9 10 11 12 13 14 15 16 17 18 19 20 ]
!N: Node Neighbor Set
N: [
(26001) [26014 26034 26038 26050 26053 26066]
(26002) [26015 26027 26039 26041]
(26003) [26033 26042 26049]
(26004) [26017 26046 26047 26060 26064 26065]
(26005) [26009 26052]
(26006) [26011 26013 26019 26022 26023 26035 26041 26045]
(26007) [26046 26065]
(26008) [26024 26028 26031 26032 26040 26052]
(26009) [26005 26052 26057 26061 26069]
(26010) [26015 26031 26041 26067]
(26011) [26006 26019 26027 26041]
(26012) [26018 26029 26072]
(26013) [26006 26023 26034 26045]
(26014) [26001 26038 26057 26066 26068]
(26015) [26002 26010 26041]
(26016) [26020 26045 26047 26058 26064]
(26017) [26004 26047 26048 26070]
(26018) [26012 26026 26029 26042 26044 26049 26051 26062 26071]
(26019) [26006 26011 26027 26035 26039 26059]
(26020) [26016 26030 26045 26047 26050 26056]
(26021) [26029 26030 26037 26054 26061 26062 26068]
(26022) [26006 26035 26036 26045 26058]
(26023) [26006 26013 26032 26034 26038 26041 26067]
(26024) [26008 26028 26038 26052 26063]
(26025) [26029]
(26026) [26018 26033 26042 26071]
(26027) [26002 26011 26019 26039 26041]
(26028) [26008 26024 26032 26038]
(26029) [26012 26018 26021 26025 26030 26062 26072]
(26030) [26020 26021 26029 26037 26047 26056 26066]
(26031) [26008 26010 26032 26040 26067]
(26032) [26008 26023 26028 26031 26038 26067]
(26033) [26003 26026 26042]
(26034) [26001 26013 26023 26038 26045 26050 26053]
(26035) [26006 26019 26022 26036 26043 26059]
(26036) [26022 26035 26043 26058 26065]
(26037) [26021 26030 26066 26068]
(26038) [26001 26014 26023 26024 26028 26032 26034 26057 26063]
(26039) [26002 26019 26027 26059]
(26040) [26008 26031 26052]
(26041) [26002 26006 26010 26011 26015 26023 26027 26067]
(26042) [26003 26018 26026 26033 26049 26071]
(26043) [26035 26036 26059 26060 26065]
(26044) [26018 26051 26061 26062 26069]
(26045) [26006 26013 26016 26020 26022 26034 26050 26058]
(26046) [26004 26007 26064 26065]
(26047) [26004 26016 26017 26020 26030 26064]
(26048) [26017 26055 26070]
(26049) [26003 26018 26042 26051]
(26050) [26001 26020 26034 26045 26053 26056 26066]
(26051) [26018 26044 26049 26069]
(26052) [26005 26008 26009 26024 26040 26057 26063 26069]
(26053) [26001 26034 26050]
(26054) [26021 26061 26062]
(26055) [26048]
(26056) [26020 26030 26050 26066]
(26057) [26009 26014 26038 26052 26061 26063 26068]
(26058) [26016 26022 26036 26045 26064 26065]
(26059) [26019 26035 26039 26043]
(26060) [26004 26043 26065]
(26061) [26009 26021 26044 26054 26057 26062 26068 26069]
(26062) [26018 26021 26029 26044 26054 26061]
(26063) [26024 26038 26052 26057]
(26064) [26004 26016 26046 26047 26058 26065]
(26065) [26004 26007 26036 26043 26046 26058 26060 26064]
(26066) [26001 26014 26030 26037 26050 26056 26068]
(26067) [26010 26023 26031 26032 26041]
(26068) [26014 26021 26037 26057 26061 26066]
(26069) [26009 26044 26051 26052 26061]
(26070) [26017 26048]
(26071) [26018 26026 26042]
(26072) [26012 26029]
]
!d(i,j): distance list
d: [
(26001 26001) 0.0
(26001 26002) 0.34814290998767006
(26001 26003) 1.8997894850577182
(26001 26004) 1.0057903318477346
(26001 26005) 0.9115990921576738
(26001 26006) 0.9754659455935636
(26001 26007) 0.560675032062069
(26001 26008) 0.997264211960686
(26001 26009) 0.48632884028321344
(26001 26010) 0.8386317929070198
(26001 26011) 0.5948401884038218
(26001 26012) 0.719279787223431
(26001 26013) 0.9966812583814617
(26001 26014) 1.0410662674286342
(26001 26015) 1.1453279932818705
(26001 26016) 0.9124957909624161
(26001 26017) 0.9517584522971095
(26001 26018) 0.5986881366252766
(26001 26019) 1.1073266660783834
(26001 26020) 0.715270862598213
(26001 26021) 1.9873566148654973
(26001 26022) 0.8695482080423955
(26001 26023) 0.8281446247054562
(26001 26024) 1.2284163948192888
(26001 26025) 0.7156504082304103
(26001 26026) 1.0428564683442036
(26001 26027) 0.409610955911724
(26001 26028) 1.0247704943223526
(26001 26029) 0.9315554906122019
(26001 26030) 0.6436955794250425
(26001 26031) 0.985340869509136
(26001 26032) 0.9247096583203044
(26001 26033) 1.0651961878219323
(26001 26034) 1.039882543984199
(26001 26035) 0.6311230389225804
(26001 26036) 0.7911736722331634
(26001 26037) 1.1045537005306763
(26001 26038) 0.9880606522681602
(26001 26039) 0.444477176616223
(26001 26040) 0.580847521653278
(26001 26041) 0.8686557174760117
(26001 26042) 0.6187173025844146
(26001 26043) 0.530621260791446
(26001 26044) 0.8975134508798526
(26001 26045) 0.5495441868368646
(26001 26046) 1.0
(26001 26047) 0.5380555035339287
(26001 26048) 1.1981221450864712
(26001 26049) 0.8852553980005639
(26001 26050) 0.894018990454853
(26001 26051) 0.9165651746716115
(26001 26052) 1.9820587698458407
(26001 26053) 1.2425147766545008
(26001 26054) 0.2628727016388022
(26001 26055) 0.5965981278627576
(26001 26056) 0.7983309336081292
(26001 26057) 0.7758007112303973
(26001 26058) 1.2813189321114076
(26001 26059) 0.9259580982993736
(26001 26060) 0.8292581501330099
(26001 26061) 0.845018689017568
(26001 26062) 0.5807359673054802
(26001 26063) 1.0633683525662962
(26001 26064) 0.34127163447726855
(26001 26065) 1.2284163948192888
(26001 26066) 0.41286583393367066
(26001 26067) 1.0360676192533669
(26001 26068) 1.2425147766545008
(26001 26069) 0.7823991029388858
(26001 26070) 0.943910962927843
(26001 26071) 0.9819627509300899
(26001 26072) 1.7712721000129223
(26002 26001) 0.34814290998767006
(26002 26002) 0.0
(26002 26003) 1.8897142181670106
(26002 26004) 1.1660914368733972
(26002 26005) 1.1998091751089184
(26002 26006) 1.2000599667129912
(26002 26007) 0.5293984344398702
(26002 26008) 1.221858233080114
(26002 26009) 0.7421994590248399
(26002 26010) 1.0632258140264474
(26002 26011) 0.8194342095232495
(26002 26012) 0.6630919189956139
(26002 26013) 1.1129837574630415
(26002 26014) 1.260168203502877
(26002 26015) 1.3699220144012982
(26002 26016) 1.146963918570411
(26002 26017) 0.8142261988554498
(26002 26018) 0.3021330128186622
(26002 26019) 0.8460507184340458
(26002 26020) 0.8016363880422774
(26002 26021) 1.987356614865497
(26002 26022) 1.0941422291618235
(26002 26023) 0.8880443508545142
(26002 26024) 1.4853498801483347
(26002 26025) 0.7197976770539581
(26002 26026) 0.900714207436529
(26002 26027) 0.6269784473071942
(26002 26028) 0.995605074510588
(26002 26029) 0.6519406941149853
(26002 26030) 0.427912383470613
(26002 26031) 1.2099348906285636
(26002 26032) 1.1611719949318131
(26002 26033) 0.7827008478293128
(26002 26034) 1.2644765651036267
(26002 26035) 0.7396370923780939
(26002 26036) 0.5090306538785251
(26002 26037) 0.9241116341571275
(26002 26038) 1.0932084254809815
(26002 26039) 0.5169500391313723
(26002 26040) 0.8054415427727059
(26002 26041) 0.9193156606096167
(26002 26042) 0.5054181482251708
(26002 26043) 0.32221143886040476
(26002 26044) 1.1533840696214788
(26002 26045) 0.8158463047418372
(26002 26046) 1.0
(26002 26047) 0.4926218757438517
(26002 26048) 0.9249336001193424
(26002 26049) 1.1098494191199915
(26002 26050) 1.1693244723536649
(26002 26051) 1.007004765406781
(26002 26052) 1.982058769845841
(26002 26053) 1.5307248596057452
(26002 26054) 0.4731065739520122
(26002 26055) 0.32683756531382
(26002 26056) 0.9398285718724639
(26002 26057) 0.9217111250965356
(26002 26058) 1.1489637745159587
(26002 26059) 1.1505521194188013
(26002 26060) 1.0826542001327546
(26002 26061) 1.1332287719688126
(26002 26062) 0.8366065860471065
(26002 26063) 1.2139552211636897
(26002 26064) 0.4743439210950104
(26002 26065) 1.485349880148335
(26002 26066) 0.6002290210813379
(26002 26067) 1.176175100040681
(26002 26068) 1.5307248596057452
(26002 26069) 0.9048986297639355
(26002 26070) 1.061903761540769
(26002 26071) 1.0185128425901244
(26002 26072) 1.7352045191804508
(26003 26001) 1.8997894850577182
(26003 26002) 1.8897142181670106
(26003 26003) 0.0
(26003 26004) 1.8957900238650531
(26003 26005) 1.9033366731898052
(26003 26006) 1.9033366731898052
(26003 26007) 1.9176633546589328
(26003 26008) 1.9033366731898052
(26003 26009) 1.9033366731898054
(26003 26010) 1.9033366731898054
(26003 26011) 1.9033366731898054
(26003 26012) 1.8899053773595225
(26003 26013) 1.900509010381364
(26003 26014) 1.364844097484797
(26003 26015) 1.9127679529636017
(26003 26016) 1.9026171478661595
(26003 26017) 1.8929207672339161
(26003 26018) 1.8801880253678847
(26003 26019) 1.8897142181670104
(26003 26020) 1.8997894850577182
(26003 26021) 0.10051165332962386
(26003 26022) 1.9033366731898052
(26003 26023) 1.9406808358903331
(26003 26024) 1.927094634432729
(26003 26025) 1.8887353290639108
(26003 26026) 1.8868449615358733
(26003 26027) 1.8997894850577182
(26003 26028) 1.9033366731898054
(26003 26029) 1.886844961535873
(26003 26030) 1.8465934478454773
(26003 26031) 1.9033366731898052
(26003 26032) 1.900509010381364
(26003 26033) 1.8868449615358733
(26003 26034) 1.9033366731898056
(26003 26035) 1.8913311182630705
(26003 26036) 1.8897142181670101
(26003 26037) 1.900509010381364
(26003 26038) 1.8968752252195813
(26003 26039) 1.8977258099351149
(26003 26040) 1.9033366731898054
(26003 26041) 1.4166017730678364
(26003 26042) 1.8889988670687619
(26003 26043) 1.8897142181670101
(26003 26044) 1.9033366731898052
(26003 26045) 1.9033366731898052
(26003 26046) 1.0
(26003 26047) 1.8944922487879525
(26003 26048) 1.8929207672339161
(26003 26049) 1.9033366731898056
(26003 26050) 1.9033366731898052
(26003 26051) 1.893713679359675
(26003 26052) 0.09623898800549627
(26003 26053) 1.927094634432729
(26003 26054) 1.9176633546589326
(26003 26055) 1.8868449615358738
(26003 26056) 1.8925428371552837
(26003 26057) 1.9004674165586686
(26003 26058) 0.7538518193520505
(26003 26059) 1.9033366731898054
(26003 26060) 1.9033366731898054
(26003 26061) 1.9176633546589328
(26003 26062) 1.9033366731898054
(26003 26063) 1.900509010381364
(26003 26064) 1.9033366731898054
(26003 26065) 1.927094634432729
(26003 26066) 1.9002345867695547
(26003 26067) 1.9148356918504916
(26003 26068) 1.927094634432729
(26003 26069) 1.8997894850577182
(26003 26070) 1.8907800515988802
(26003 26071) 1.8868449615358733
(26003 26072) 1.895203493185987
(26004 26001) 1.0057903318477346
(26004 26002) 1.1660914368733972
(26004 26003) 1.8957900238650531
(26004 26004) 0.0
(26004 26005) 0.5955509396583368
(26004 26006) 0.19642592283081534
(26004 26007) 1.321201421877264
(26004 26008) 0.1431257348929753
(26004 26009) 0.6154343241379001
(26004 26010) 0.23725113003684709
(26004 26011) 0.4356213564770459
(26004 26012) 1.35955792875943
(26004 26013) 0.5930632802876369
(26004 26014) 0.5382105861899676
(26004 26015) 0.6092052441894984
(26004 26016) 0.25200451682089686
(26004 26017) 0.8865596185627688
(26004 26018) 1.4302375371131855
(26004 26019) 1.1124574107853482
(26004 26020) 0.4593193216698741
(26004 26021) 1.9873566148654966
(26004 26022) 0.2212329920508893
(26004 26023) 1.8307961881072448
(26004 26024) 0.5688495600360779
(26004 26025) 1.7040794045481014
(26004 26026) 1.3304049600931942
(26004 26027) 0.6057334853644865
(26004 26028) 0.8714189191985391
(26004 26029) 1.444698944298787
(26004 26030) 1.5555114743088547
(26004 26031) 0.2807978549152939
(26004 26032) 0.4712490436521346
(26004 26033) 1.114959590790351
(26004 26034) 0.2696939132349223
(26004 26035) 0.8181039945201127
(26004 26036) 1.3249906170108476
(26004 26037) 1.0234456426621046
(26004 26038) 0.43942977413668477
(26004 26039) 1.0100305900938755
(26004 26040) 0.4496140232275896
(26004 26041) 1.8707191816461697
(26004 26042) 1.5740863650888117
(26004 26043) 1.4497747641641834
(26004 26044) 0.4643789342416266
(26004 26045) 0.5195953470250836
(26004 26046) 1.0
(26004 26047) 1.1916173483759154
(26004 26048) 0.8358693257538495
(26004 26049) 0.32501932566383585
(26004 26050) 0.5440438082885414
(26004 26051) 0.7705471602470269
(26004 26052) 1.9820587698458407
(26004 26053) 0.7362560099995029
(26004 26054) 1.2655573659279578
(26004 26055) 1.0114761571000939
(26004 26056) 0.616010211483762
(26004 26057) 1.1082512895263261
(26004 26058) 1.3863442513710804
(26004 26059) 0.5041915123706946
(26004 26060) 0.3455683127082959
(26004 26061) 0.6213895615985002
(26004 26062) 0.534796987302865
(26004 26063) 0.5394180436577576
(26004 26064) 0.7807116449052852
(26004 26065) 0.5688495600360779
(26004 26066) 0.620835741413931
(26004 26067) 0.43496417081537164
(26004 26068) 0.7362560099995029
(26004 26069) 0.4298945587837175
(26004 26070) 0.2767531485038433
(26004 26071) 0.644035124241927
(26004 26072) 1.7561920252366985
(26005 26001) 0.9115990921576738
(26005 26002) 1.1998091751089184
(26005 26003) 1.9033366731898052
(26005 26004) 0.5955509396583368
(26005 26005) 0.0
(26005 26006) 0.3991250168275215
(26005 26007) 1.298397257685028
(26005 26008) 0.5909039748707706
(26005 26009) 0.7419674880648023
(26005 26010) 0.3601730870145038
(26005 26011) 0.5188404130641487
(26005 26012) 1.2645369233629036
(26005 26013) 1.0399304438289025
(26005 26014) 0.7285587214936559
(26005 26015) 1.0491238968004664
(26005 26016) 0.45963162081029285
(26005 26017) 1.0508834943212886
(26005 26018) 1.4052167320815458
(26005 26019) 1.2084935087738047
(26005 26020) 0.5780582029617976
(26005 26021) 1.9873566148654973
(26005 26022) 0.544469883258405
(26005 26023) 1.6461194404850445
(26005 26024) 0.330915684496827
(26005 26025) 1.56073084888469
(26005 26026) 1.331035048001216
(26005 26027) 0.8929973186393655
(26005 26028) 1.165358533088866
(26005 26029) 1.4316576195075028
(26005 26030) 1.5159888639141386
(26005 26031) 0.34081194944242166
(26005 26032) 0.1478787122823183
(26005 26033) 1.1673836787061826
(26005 26034) 0.7038131002072293
(26005 26035) 0.8338499171753141
(26005 26036) 1.3214387289538188
(26005 26037) 1.2262711987055002
(26005 26038) 0.4304779529076041
(26005 26039) 1.054780925253235
(26005 26040) 0.6508718720880766
(26005 26041) 1.683118755573801
(26005 26042) 1.484515669200889
(26005 26043) 1.4422203529491195
(26005 26044) 0.13117200541671026
(26005 26045) 0.3839628703670813
(26005 26046) 0.9999999999999999
(26005 26047) 1.1955293272902046
(26005 26048) 1.2972471871106501
(26005 26049) 0.270531613994501
(26005 26050) 0.051507131369795435
(26005 26051) 1.0156902166957904
(26005 26052) 1.9837967743724978
(26005 26053) 0.33091568449682696
(26005 26054) 1.075346751772297
(26005 26055) 1.1360659327403344
(26005 26056) 0.8277349319129267
(26005 26057) 1.0215592970331615
(26005 26058) 1.3792905534428144
(26005 26059) 0.8539746802768728
(26005 26060) 0.26097540754223797
(26005 26061) 0.09241902508026895
(26005 26062) 0.661330151229767
(26005 26063) 0.24831451031041674
(26005 26064) 1.0031208266593596
(26005 26065) 0.5250554323725054
(26005 26066) 0.8096911858663811
(26005 26067) 0.3699205144235061
(26005 26068) 0.33091568449682696
(26005 26069) 0.5976440231185979
(26005 26070) 0.7157596841190403
(26005 26071) 1.0069785655675592
(26005 26072) 1.815436904405473
(26006 26001) 0.9754659455935636
(26006 26002) 1.2000599667129912
(26006 26003) 1.9033366731898052
(26006 26004) 0.19642592283081534
(26006 26005) 0.3991250168275215
(26006 26006) 0.0
(26006 26007) 1.3000673829593083
(26006 26008) 0.19177895804324918
(26006 26009) 0.6116023756997138
(26006 26010) 0.17094985263071916
(26006 26011) 0.38062575718974156
(26006 26012) 1.318796506838526
(26006 26013) 0.6515901938353346
(26006 26014) 0.5650132309448449
(26006 26015) 0.6499988799729448
(26006 26016) 0.26546775782977755
(26006 26017) 0.9402727543610492
(26006 26018) 1.4654641811164157
(26006 26019) 1.1348605608343976
(26006 26020) 0.4501453079571507
(26006 26021) 1.9873566148654973
(26006 26022) 0.25126260398205147
(26006 26023) 1.7772359636630404
(26006 26024) 0.4612807968619156
(26006 26025) 1.6804203794850574
(26006 26026) 1.3160821838949086
(26006 26027) 0.6290873166802007
(26006 26028) 0.9014485311297011
(26006 26029) 1.4683613294049833
(26006 26030) 1.6014379345801457
(26006 26031) 0.1281084163693998
(26006 26032) 0.2938420616410228
(26006 26033) 1.1418052087297805
(26006 26034) 0.32085756408404015
(26006 26035) 0.813072445906085
(26006 26036) 1.351749382180134
(26006 26037) 1.0386326350436212
(26006 26038) 0.3375213516697812
(26006 26039) 1.0164284744596759
(26006 26040) 0.4017574176869844
(26006 26041) 1.817414606224087
(26006 26042) 1.584107513497765
(26006 26043) 1.4801357651752325
(26006 26044) 0.26795301141081124
(26006 26045) 0.4432222926021848
(26006 26046) 0.9999999999999998
(26006 26047) 1.158756473112624
(26006 26048) 0.9426977490219579
(26006 26049) 0.1285934028330205
(26006 26050) 0.34761788545772604
(26006 26051) 0.7655189866227781
(26006 26052) 1.9827715946769695
(26006 26053) 0.5948256864559918
(26006 26054) 1.2105617666406534
(26006 26055) 1.0549926006612338
(26006 26056) 0.6052442498908125
(26006 26057) 1.0532556902390218
(26006 26058) 1.3739877743661308
(26006 26059) 0.5043575107435414
(26006 26060) 0.14914238987748052
(26006 26061) 0.42496363876768484
(26006 26062) 0.5309650388646784
(26006 26063) 0.4170066609339501
(26006 26064) 0.752025491170539
(26006 26065) 0.4612807968619156
(26006 26066) 0.6286330825813738
(26006 26067) 0.2914187491736085
(26006 26068) 0.5948256864559918
(26006 26069) 0.4672789107535093
(26006 26070) 0.34245484741051724
(26006 26071) 0.6822093373486368
(26006 26072) 1.7840017987579815
(26007 26001) 0.560675032062069
(26007 26002) 0.5293984344398702
(26007 26003) 1.9176633546589328
(26007 26004) 1.321201421877264
(26007 26005) 1.298397257685028
(26007 26006) 1.3000673829593083
(26007 26007) 0.0
(26007 26008) 1.1780756869842886
(26007 26009) 0.9303767854078226
(26007 26010) 1.129117530328589
(26007 26011) 0.9934743202416919
(26007 26012) 0.7970805088395122
(26007 26013) 1.3541920709594426
(26007 26014) 1.4149982137715007
(26007 26015) 1.0287009063444108
(26007 26016) 1.362196008300455
(26007 26017) 1.19504647532626
(26007 26018) 0.6690545307949076
(26007 26019) 1.1003707165223102
(26007 26020) 1.123739123478176
(26007 26021) 1.987814848834129
(26007 26022) 1.136455400862111
(26007 26023) 0.9251684933521893
(26007 26024) 1.3093566731828685
(26007 26025) 0.8459093928833381
(26007 26026) 1.1169409734916376
(26007 26027) 0.7154679365127775
(26007 26028) 1.008839446918294
(26007 26029) 1.0276837777862764
(26007 26030) 0.7863816697928823
(26007 26031) 1.2500218818061535
(26007 26032) 1.2607910376175928
(26007 26033) 1.2353523802779378
(26007 26034) 1.380653462054276
(26007 26035) 1.0633955476158903
(26007 26036) 0.8781234008805903
(26007 26037) 1.2128790780241634
(26007 26038) 1.4391688865786958
(26007 26039) 0.7674106396345814
(26007 26040) 0.9202445065770954
(26007 26041) 0.9597724639490545
(26007 26042) 0.7625563308378802
(26007 26043) 0.712946938035901
(26007 26044) 1.3415613960044617
(26007 26045) 0.9543836330697157
(26007 26046) 1.0
(26007 26047) 0.708237063440917
(26007 26048) 1.3481266269114247
(26007 26049) 1.2680841206046682
(26007 26050) 1.2924167034119256
(26007 26051) 1.2298952019401344
(26007 26052) 1.9860508816413647
(26007 26053) 1.603474320241692
(26007 26054) 0.5747734138972809
(26007 26055) 0.7803086575106277
(26007 26056) 1.1864762992892073
(26007 26057) 1.1098884514795182
(26007 26058) 1.3878868399505844
(26007 26059) 0.8170099095065693
(26007 26060) 1.2708315265157373
(26007 26061) 1.2059782326047592
(26007 26062) 1.0247839124300893
(26007 26063) 1.5071402135131535
(26007 26064) 0.5871660038116715
(26007 26065) 1.0784188878691863
(26007 26066) 0.7437295855277226
(26007 26067) 1.2607039353171587
(26007 26068) 1.603474320241692
(26007 26069) 1.254223928655207
(26007 26070) 1.31833135893029
(26007 26071) 1.332178980381165
(26007 26072) 1.812489429312194
(26008 26001) 0.997264211960686
(26008 26002) 1.221858233080114
(26008 26003) 1.9033366731898052
(26008 26004) 0.1431257348929753
(26008 26005) 0.5909039748707706
(26008 26006) 0.19177895804324918
(26008 26007) 1.1780756869842886
(26008 26008) 0.0
(26008 26009) 0.5854116463657293
(26008 26010) 0.23235002567445417
(26008 26011) 0.40242402355686424
(26008 26012) 1.3405947732056485
(26008 26013) 0.6036011981342276
(26008 26014) 0.5650132309448448
(26008 26015) 0.49927684221670476
(26008 26016) 0.2773348519362189
(26008 26017) 0.9620710207281719
(26008 26018) 1.487262447483538
(26008 26019) 1.0942189763041215
(26008 26020) 0.47194357432427314
(26008 26021) 1.987356614865497
(26008 26022) 0.16737763010203782
(26008 26023) 1.799034230030163
(26008 26024) 0.48747152619589995
(26008 26025) 1.7022186458521804
(26008 26026) 1.337880450262031
(26008 26027) 0.5948797857729199
(26008 26028) 0.7884847579571057
(26008 26029) 1.4901595957721059
(26008 26030) 1.623236200947268
(26008 26031) 0.250092025428349
(26008 26032) 0.48562101968427196
(26008 26033) 1.1636034750969029
(26008 26034) 0.2728685683829333
(26008 26035) 0.8348707122732074
(26008 26036) 1.3735476485472566
(26008 26037) 1.012441905709637
(26008 26038) 0.5075020433459078
(26008 26039) 1.0382267408267984
(26008 26040) 0.4164166903074079
(26008 26041) 1.8392128725912098
(26008 26042) 1.6059057798648875
(26008 26043) 1.501934031542355
(26008 26044) 0.4597319694540604
(26008 26045) 0.5149483822375175
(26008 26046) 0.9999999999999999
(26008 26047) 1.1805547394797467
(26008 26048) 0.9130233544746864
(26008 26049) 0.3203723608762697
(26008 26050) 0.5393968435009753
(26008 26051) 0.7647587362706841
(26008 26052) 1.9827715946769693
(26008 26053) 0.7648063781321185
(26008 26054) 1.2323600330077762
(26008 26055) 1.0767908670283561
(26008 26056) 0.6126711897193587
(26008 26057) 1.0750539566061441
(26008 26058) 1.3957860407332536
(26008 26059) 0.3610657774777193
(26008 26060) 0.3409213479207297
(26008 26061) 0.616742596810934
(26008 26062) 0.5047743095306941
(26008 26063) 0.5869873526100767
(26008 26064) 0.7475143119851035
(26008 26065) 0.4874715261958999
(26008 26066) 0.6504313489484963
(26008 26067) 0.44419637907404025
(26008 26068) 0.7648063781321185
(26008 26069) 0.44108818141952494
(26008 26070) 0.316264118076533
(26008 26071) 0.6800472488422549
(26008 26072) 1.7840017987579813
(26009 26001) 0.48632884028321344
(26009 26002) 0.7421994590248399
(26009 26003) 1.9033366731898054
(26009 26004) 0.6154343241379001
(26009 26005) 0.7419674880648023
(26009 26006) 0.6116023756997138
(26009 26007) 0.9303767854078226
(26009 26008) 0.5854116463657293
(26009 26009) 0.0
(26009 26010) 0.5494549905885502
(26009 26011) 0.28263927012260476
(26009 26012) 0.8449246689738991
(26009 26013) 0.6659834280413058
(26009 26014) 0.8747562592632324
(26009 26015) 0.7766116941529236
(26009 26016) 0.4726163464126666
(26009 26017) 0.9411471482728043
(26009 26018) 1.0006056734099085
(26009 26019) 1.1311486348888753
(26009 26020) 0.4590913373280874
(26009 26021) 1.9873566148654973
(26009 26022) 0.4180340162636914
(26009 26023) 1.2780989682078392
(26009 26024) 1.0728831725616292
(26009 26025) 1.1927103766074847
(26009 26026) 1.0426927902106267
(26009 26027) 0.23830966912998108
(26009 26028) 0.7221716399672228
(26009 26029) 0.993961219049689
(26009 26030) 1.130024419708256
(26009 26031) 0.7397107920691134
(26009 26032) 0.7913010444409273
(26009 26033) 1.0635101735483707
(26009 26034) 0.5676520855361975
(26009 26035) 0.5501571186850375
(26009 26036) 0.8865278303514877
(26009 26037) 0.8240794545538288
(26009 26038) 0.8503938110164166
(26009 26039) 0.513192987314114
(26009 26040) 0.2098449580127293
(26009 26041) 1.3150982832965954
(26009 26042) 1.1050461428676281
(26009 26043) 1.0083884710953055
(26009 26044) 0.6539596209675256
(26009 26045) 0.39401096457920504
(26009 26046) 1.0
(26009 26047) 0.6555209859670621
(26009 26048) 0.9233001713230538
(26009 26049) 0.5917579457013751
(26009 26050) 0.7384857681971935
(26009 26051) 0.7275515727431286
(26009 26052) 1.983796774372498
(26009 26053) 1.072883172561629
(26009 26054) 0.7073262794950915
(26009 26055) 0.6295029508366743
(26009 26056) 0.5279880894021097
(26009 26057) 0.7295318691651556
(26009 26058) 1.2938825591913063
(26009 26059) 0.5670945157526255
(26009 26060) 0.49756503109965816
(26009 26061) 0.6753870849246965
(26009 26062) 0.09440712702226664
(26009 26063) 0.9299597386869192
(26009 26064) 0.3432107815961511
(26009 26065) 1.0728831725616292
(26009 26066) 0.2583324430150109
(26009 26067) 0.9026590053739898
(26009 26068) 1.072883172561629
(26009 26069) 0.3238471432473845
(26009 26070) 0.49945738507155385
(26009 26071) 0.8157542269427132
(26009 26072) 1.8127878957914236
(26010 26001) 0.8386317929070198
(26010 26002) 1.0632258140264474
(26010 26003) 1.9033366731898054
(26010 26004) 0.23725113003684709
(26010 26005) 0.3601730870145038
(26010 26006) 0.17094985263071916
(26010 26007) 1.129117530328589
(26010 26008) 0.23235002567445417
(26010 26009) 0.5494549905885502
(26010 26010) 0.0
(26010 26011) 0.2668157204659455
(26010 26012) 1.1819623541519821
(26010 26013) 0.726276961410715
(26010 26014) 0.5650132309448449
(26010 26015) 0.6905699476041499
(26010 26016) 0.26873826115222815
(26010 26017) 0.8214270527033644
(26010 26018) 1.328630028429872
(26010 26019) 0.9639107082036786
(26010 26020) 0.31331115527060693
(26010 26021) 1.987356614865497
(26010 26022) 0.18591593406208848
(26010 26023) 1.6404018109764968
(26010 26024) 0.5234281819730789
(26010 26025) 1.5435862267985136
(26010 26026) 1.1792480312083646
(26010 26027) 0.5328242316248617
(26010 26028) 0.8051854460743623
(26010 26029) 1.3315271767184398
(26010 26030) 1.4646037818936017
(26010 26031) 0.19025580148056315
(26010 26032) 0.3133952775755994
(26010 26033) 1.0049710560432363
(26010 26034) 0.3955443316594206
(26010 26035) 0.676238293219541
(26010 26036) 1.21491522949359
(26010 26037) 0.9764852499324581
(26010 26038) 0.4337844367251199
(26010 26039) 0.8795943217731321
(26010 26040) 0.339610032575821
(26010 26041) 1.6805804535375435
(26010 26042) 1.4472733608112212
(26010 26043) 1.3433016124886887
(26010 26044) 0.27216521991722714
(26010 26045) 0.306388139915641
(26010 26046) 1.0
(26010 26047) 1.0219223204260803
(26010 26048) 1.017384516597338
(26010 26049) 0.1389665902760791
(26010 26050) 0.32968838425925046
(26010 26051) 0.7306427703113167
(26010 26052) 1.9827715946769695
(26010 26053) 0.6910887715113307
(26010 26054) 1.0737276139541099
(26010 26055) 0.9181584479746898
(26010 26056) 0.5430968647796491
(26010 26057) 0.916421537552478
(26010 26058) 1.2766402237589127
(26010 26059) 0.49542073108055645
(26010 26060) 0.15108763896115793
(26010 26061) 0.38439257113647984
(26010 26062) 0.46881765375351503
(26010 26063) 0.5132697459892889
(26010 26064) 0.6898781060593754
(26010 26065) 0.5234281819730789
(26010 26066) 0.4917989298948301
(26010 26067) 0.35320401478543945
(26010 26068) 0.6910887715113307
(26010 26069) 0.40513152564234595
(26010 26070) 0.4133635129118894
(26010 26071) 0.6803782278090361
(26010 26072) 1.7840017987579815
(26011 26001) 0.5948401884038218
(26011 26002) 0.8194342095232495
(26011 26003) 1.9033366731898054
(26011 26004) 0.4356213564770459
(26011 26005) 0.5188404130641487
(26011 26006) 0.38062575718974156
(26011 26007) 0.9934743202416919
(26011 26008) 0.40242402355686424
(26011 26009) 0.28263927012260476
(26011 26010) 0.2668157204659455
(26011 26011) 0.0
(26011 26012) 0.9381707496487843
(26011 26013) 0.7665007730861388
(26011 26014) 0.5953676886532783
(26011 26015) 0.7756942260577029
(26011 26016) 0.36872168805876315
(26011 26017) 0.881634953150853
(26011 26018) 1.0848384239266744
(26011 26019) 1.071636439766924
(26011 26020) 0.23566985710313137
(26011 26021) 1.9873566148654973
(26011 26022) 0.2747080196385738
(26011 26023) 1.3966102064732988
(26011 26024) 0.7902439024390245
(26011 26025) 1.299794622295316
(26011 26026) 0.9918136313937183
(26011 26027) 0.37415690557521675
(26011 26028) 0.8226889850120558
(26011 26029) 1.0877355722152415
(26011 26030) 1.220812177390404
(26011 26031) 0.45707152194650863
(26011 26032) 0.5086617743183225
(26011 26033) 1.0039979784264192
(26011 26034) 0.44504235558037714
(26011 26035) 0.4965064198268138
(26011 26036) 0.9711236249903927
(26011 26037) 0.926835543423823
(26011 26038) 0.5924517627747649
(26011 26039) 0.6358027172699344
(26011 26040) 0.13203145902392804
(26011 26041) 1.4367888490343454
(26011 26042) 1.2034817563080233
(26011 26043) 1.099510007985491
(26011 26044) 0.430832545966872
(26011 26045) 0.19747407810951034
(26011 26046) 1.0
(26011 26047) 0.7781307159228826
(26011 26048) 1.0238175163678866
(26011 26049) 0.3091186755787703
(26011 26050) 0.48835571030889535
(26011 26051) 0.7422605459530268
(26011 26052) 1.9827715946769695
(26011 26053) 0.8497560975609757
(26011 26054) 0.829936009450912
(26011 26055) 0.6926004856705434
(26011 26056) 0.5345098724313677
(26011 26057) 0.7295318691651554
(26011 26058) 1.276640223758913
(26011 26059) 0.5805450095341094
(26011 26060) 0.27735720627404553
(26011 26061) 0.45226000992404286
(26011 26062) 0.20200193328756952
(26011 26063) 0.6719370720389338
(26011 26064) 0.484280413595211
(26011 26065) 0.7902439024390244
(26011 26066) 0.32142997784888006
(26011 26067) 0.620019735251385
(26011 26068) 0.8497560975609757
(26011 26069) 0.33955321846796443
(26011 26070) 0.44233001337627686
(26011 26071) 0.756242031820762
(26011 26072) 1.7840017987579813
(26012 26001) 0.719279787223431
(26012 26002) 0.6630919189956139
(26012 26003) 1.8899053773595225
(26012 26004) 1.35955792875943
(26012 26005) 1.2645369233629036
(26012 26006) 1.318796506838526
(26012 26007) 0.7970805088395122
(26012 26008) 1.3405947732056485
(26012 26009) 0.8449246689738991
(26012 26010) 1.1819623541519821
(26012 26011) 0.9381707496487843
(26012 26012) 0.0
(26012 26013) 1.3601748275902557
(26012 26014) 1.3830527260754844
(26012 26015) 1.488658554526833
(26012 26016) 1.2697475170549897
(26012 26017) 1.0380081863664217
(26012 26018) 0.7797269415339662
(26012 26019) 1.0937026663079823
(26012 26020) 1.0774203292088949
(26012 26021) 1.9873566148654975
(26012 26022) 1.212878769287358
(26012 26023) 1.1686324743870031
(26012 26024) 1.5660889585787956
(26012 26025) 1.0078968913151878
(26012 26026) 0.5205830426594327
(26012 26027) 0.7601578324416721
(26012 26028) 1.1143416146361227
(26012 26029) 0.5658089358102856
(26012 26030) 0.9242360453632834
(26012 26031) 1.3286714307540985
(26012 26032) 1.2825452300436424
(26012 26033) 0.6329818995196156
(26012 26034) 1.3832131052291612
(26012 26035) 0.7960561457718384
(26012 26036) 0.7245228711314217
(26012 26037) 1.153375163191644
(26012 26038) 1.3470207028999248
(26012 26039) 0.7303038343000923
(26012 26040) 0.9241780828982405
(26012 26041) 1.2080107697841438
(26012 26042) 0.9269026996512458
(26012 26043) 0.7765398371757195
(26012 26044) 1.2561092795705382
(26012 26045) 0.8872167505963713
(26012 26046) 1.0
(26012 26047) 0.32165455283920075
(26012 26048) 1.069518088010577
(26012 26049) 1.2285859592455264
(26012 26050) 1.2340522206076503
(26012 26051) 0.984109696925522
(26012 26052) 1.982058769845841
(26012 26053) 1.5954526078597306
(26012 26054) 0.818422445738486
(26012 26055) 0.6597916692066289
(26012 26056) 0.9437825572613939
(26012 26057) 0.5438165699095212
(26012 26058) 1.2987017722116034
(26012 26059) 1.269288659544336
(26012 26060) 1.1853794100818136
(26012 26061) 1.197956520222798
(26012 26062) 0.9393317959961656
(26012 26063) 1.425258439031176
(26012 26064) 0.7116283924055886
(26012 26065) 1.5660889585787952
(26012 26066) 0.7518545647676678
(26012 26067) 1.393903190976705
(26012 26068) 1.5954526078597306
(26012 26069) 1.1598138369952908
(26012 26070) 1.252167395819475
(26012 26071) 0.8789844850899537
(26012 26072) 1.2959823739558913
(26013 26001) 0.9966812583814617
(26013 26002) 1.1129837574630415
(26013 26003) 1.900509010381364
(26013 26004) 0.5930632802876369
(26013 26005) 1.0399304438289025
(26013 26006) 0.6515901938353346
(26013 26007) 1.3541920709594426
(26013 26008) 0.6036011981342276
(26013 26009) 0.6659834280413058
(26013 26010) 0.726276961410715
(26013 26011) 0.7665007730861388
(26013 26012) 1.3601748275902557
(26013 26013) 0.0
(26013 26014) 0.9042976261624112
(26013 26015) 0.7711802449433633
(26013 26016) 0.7067805515613401
(26013 26017) 0.8531965451110995
(26013 26018) 1.3783879718664662
(26013 26019) 1.0585691184184018
(26013 26020) 0.6463864035397687
(26013 26021) 1.9873566148654975
(26013 26022) 0.5639395719504804
(26013 26023) 1.8202441236626554
(26013 26024) 1.0695310695310696
(26013 26025) 1.710904564179095
(26013 26026) 1.3178447510453912
(26013 26027) 0.6516029363840524
(26013 26028) 0.4343991557106311
(26013 26029) 1.3812851201550336
(26013 26030) 1.5143617253301958
(26013 26031) 0.7698236862891619
(26013 26032) 0.8920517315465841
(26013 26033) 1.0547289994798306
(26013 26034) 0.35719402084612795
(26013 26035) 0.8233086298180355
(26013 26036) 1.2646731729301848
(26013 26037) 0.8430998330233068
(26013 26038) 0.8075390609887227
(26013 26039) 1.043353316849976
(26013 26040) 0.6484619808127546
(26013 26041) 1.8597965146487045
(26013 26042) 1.5582077970218193
(26013 26043) 1.4132066269544932
(26013 26044) 0.9087584384121922
(26013 26045) 0.9639748511956492
(26013 26046) 1.0
(26013 26047) 1.1976848165773248
(26013 26048) 0.6704515499697838
(26013 26049) 0.7693988298344014
(26013 26050) 0.988423312459107
(26013 26051) 0.7448918387151381
(26013 26052) 1.9823005740801374
(26013 26053) 1.1922911922911925
(26013 26054) 1.2539016878068343
(26013 26055) 0.9679163914112838
(26013 26056) 0.6158171802270065
(26013 26057) 1.0965956114052025
(26013 26058) 1.3159558114436787
(26013 26059) 0.6302901565445322
(26013 26060) 0.7899478168788615
(26013 26061) 1.065769065769066
(26013 26062) 0.6522136378540743
(26013 26063) 0.8840560363530201
(26013 26064) 0.7690559667841615
(26013 26065) 1.0695310695310696
(26013 26066) 0.7338320504946151
(26013 26067) 0.8125928125928126
(26013 26068) 1.1922911922911925
(26013 26069) 0.5222254646286867
(26013 26070) 0.4497299144221865
(26013 26071) 0.5955298520278036
(26013 26072) 1.74399535188203
(26014 26001) 1.0410662674286342
(26014 26002) 1.260168203502877
(26014 26003) 1.364844097484797
(26014 26004) 0.5382105861899676
(26014 26005) 0.7285587214936559
(26014 26006) 0.5650132309448449
(26014 26007) 1.4149982137715007
(26014 26008) 0.5650132309448448
(26014 26009) 0.8747562592632324
(26014 26010) 0.5650132309448449
(26014 26011) 0.5953676886532783
(26014 26012) 1.3830527260754844
(26014 26013) 0.9042976261624112
(26014 26014) 0.0
(26014 26015) 0.8855784062516555
(26014 26016) 0.627639703211747
(26014 26017) 1.05019611891518
(26014 26018) 1.5106562476327743
(26014 26019) 1.2427587525533412
(26014 26020) 0.6061518469251749
(26014 26021) 1.449583564484135
(26014 26022) 0.5650132309448449
(26014 26023) 1.8474180449223732
(26014 26024) 0.7631401442432417
(26014 26025) 1.7432980729709149
(26014 26026) 1.4031898951799366
(26014 26027) 0.9230406350700238
(26014 26028) 1.2082806514569118
(26014 26029) 1.5294575696033148
(26014 26030) 1.6100541784949616
(26014 26031) 0.565013230944845
(26014 26032) 0.6295204792918021
(26014 26033) 1.2151325374120632
(26014 26034) 0.565013230944845
(26014 26035) 0.9019598219032982
(26014 26036) 1.401097310758469
(26014 26037) 1.3017865186071402
(26014 26038) 0.6088391902351536
(26014 26039) 1.1603295158881826
(26014 26040) 0.6937939904561224
(26014 26041) 1.3507823388865638
(26014 26042) 1.6409983882440653
(26014 26043) 1.5279623943054013
(26014 26044) 0.6548798837752293
(26014 26045) 0.6526031288604026
(26014 26046) 1.0
(26014 26047) 1.3180961501559372
(26014 26048) 1.1751277868087069
(26014 26049) 0.5795622794195125
(26014 26050) 0.6770515901238604
(26014 26051) 1.024570335958186
(26014 26052) 1.4447567400613104
(26014 26053) 0.8530067970736261
(26014 26054) 1.281814360689154
(26014 26055) 1.1638686860542793
(26014 26056) 0.8706570502809725
(26014 26057) 1.154348068231592
(26014 26058) 0.9146976230456932
(26014 26059) 0.8111896310707521
(26014 26060) 0.6383069331981356
(26014 26061) 0.7543973434338191
(26014 26062) 0.7941189224281973
(26014 26063) 0.6751877715515845
(26014 26064) 1.0460429450274054
(26014 26065) 0.7631401442432417
(26014 26066) 0.8253731236709443
(26014 26067) 0.6645306906034347
(26014 26068) 0.8530067970736261
(26014 26069) 0.7082354347287533
(26014 26070) 0.6058574848717376
(26014 26071) 0.8671516647529831
(26014 26072) 1.7787089931929747
(26015 26001) 1.1453279932818705
(26015 26002) 1.3699220144012982
(26015 26003) 1.9127679529636017
(26015 26004) 0.6092052441894984
(26015 26005) 1.0491238968004664
(26015 26006) 0.6499988799729448
(26015 26007) 1.0287009063444108
(26015 26008) 0.49927684221670476
(26015 26009) 0.7766116941529236
(26015 26010) 0.6905699476041499
(26015 26011) 0.7756942260577029
(26015 26012) 1.488658554526833
(26015 26013) 0.7711802449433633
(26015 26014) 0.8855784062516555
(26015 26015) 0.0
(26015 26016) 0.7766116941529237
(26015 26017) 1.1101348020493562
(26015 26018) 1.6353262288047228
(26015 26019) 1.2422827576253057
(26015 26020) 0.7859959869274632
(26015 26021) 1.987746201747919
(26015 26022) 0.5853725600128179
(26015 26023) 1.9470980113513476
(26015 26024) 0.7808448716818063
(26015 26025) 1.8502824271733649
(26015 26026) 1.4859442315832156
(26015 26027) 0.7570985416787404
(26015 26028) 0.9776054595652992
(26015 26029) 1.6382233770932904
(26015 26030) 1.7712999822684525
(26015 26031) 0.7083119473580448
(26015 26032) 0.9438409416139677
(26015 26033) 1.3116672564180873
(26015 26034) 0.6592362852631796
(26015 26035) 0.982934493594392
(26015 26036) 1.5216114298684413
(26015 26037) 1.2015626073178307
(26015 26038) 0.9471486443764171
(26015 26039) 1.1862905221479831
(26015 26040) 0.6578623521169198
(26015 26041) 1.9872766539123945
(26015 26042) 1.753969561186072
(26015 26043) 1.6499978128635393
(26015 26044) 0.9179518913837561
(26015 26045) 0.9731683041672131
(26015 26046) 1.0
(26015 26047) 1.3286185208009311
(26015 26048) 1.10214405608288
(26015 26049) 0.7785922828059655
(26015 26050) 0.9976167654306709
(26015 26051) 0.9284489588969874
(26015 26052) 1.9847616493800546
(26015 26053) 1.0749625187406298
(26015 26054) 1.3804238143289607
(26015 26055) 1.2248546483495406
(26015 26056) 0.7681742221650218
(26015 26057) 1.2231177379273288
(26015 26058) 1.543849822054438
(26015 26059) 0.23373785685920162
(26015 26060) 0.7991412698504254
(26015 26061) 1.0749625187406298
(26015 26062) 0.7766116941529235
(26015 26063) 0.9585820082997945
(26015 26064) 0.9149554634447481
(26015 26065) 0.5499070863681242
(26015 26066) 0.798495130269681
(26015 26067) 0.9024163010037358
(26015 26068) 1.0749625187406298
(26015 26069) 0.7766116941529235
(26015 26070) 0.6651088826038372
(26015 26071) 0.8156356106023239
(26015 26072) 1.8211748038577786
(26016 26001) 0.9124957909624161
(26016 26002) 1.146963918570411
(26016 26003) 1.9026171478661595
(26016 26004) 0.25200451682089686
(26016 26005) 0.45963162081029285
(26016 26006) 0.26546775782977755
(26016 26007) 1.362196008300455
(26016 26008) 0.2773348519362189
(26016 26009) 0.4726163464126666
(26016 26010) 0.26873826115222815
(26016 26011) 0.36872168805876315
(26016 26012) 1.2697475170549897
(26016 26013) 0.7067805515613401
(26016 26014) 0.627639703211747
(26016 26015) 0.7766116941529237
(26016 26016) 0.0
(26016 26017) 0.9416266021360407
(26016 26018) 1.413021304938388
(26016 26019) 1.188332311587035
(26016 26020) 0.41947931954092565
(26016 26021) 1.9873566148654973
(26016 26022) 0.2458214642890808
(26016 26023) 1.7088476783113042
(26016 26024) 0.7267485546916932
(26016 26025) 1.616154698937474
(26016 26026) 1.2857903132560853
(26016 26027) 0.6572500900852261
(26016 26028) 0.8960073914367304
(26016 26029) 1.4156240880921527
(26016 26030) 1.5394588061575998
(26016 26031) 0.39357617419917734
(26016 26032) 0.4504600314388235
(26016 26033) 1.105313889078338
(26016 26034) 0.370663207939667
(26016 26035) 0.7842787128991561
(26016 26036) 1.2964423877739542
(26016 26037) 0.9569200570533644
(26016 26038) 0.48651491431202737
(26016 26039) 0.8185304816640157
(26016 26040) 0.44195150172335945
