!n: Number of areas
n: 17
!I: Set if areas
I: [27001 27002 27003 27004 27005 27006 27007 27008 27009 27010 27011 27012 27013 27014 27015 27016 27017 ]
!p: Number of regions
p: 5
!K: Set of regions
K: [1 2 3 4 5 ]
!N: Node Neighbor Set
N: [
(27001) [27007 27017]
(27002) [27005 27006 27008 27014]
(27003) [27004 27010 27011 27012 27013 27014]
(27004) [27003 27006 27009 27012 27013 27016]
(27005) [27002 27006 27010 27014]
(27006) [27002 27004 27005 27010 27013]
(27007) [27001 27011 27017]
(27008) [27002]
(27009) [27004 27012 27015 27016]
(27010) [27003 27005 27006 27013 27014]
(27011) [27003 27007 27012]
(27012) [27003 27004 27009 27011 27015]
(27013) [27003 27004 27006 27010]
(27014) [27002 27003 27005 27010]
(27015) [27009 27012 27016]
(27016) [27004 27009 27015]
(27017) [27001 27007]
]
!d(i,j): distance list
d: [
(27001 27001) 0.0
(27001 27002) 1.01592195580478
(27001 27003) 0.48229277154981587
(27001 27004) 1.1562287576173385
(27001 27005) 0.5898275723356526
(27001 27006) 0.5359018491254431
(27001 27007) 0.6978734625947605
(27001 27008) 1.1118332332504748
(27001 27009) 1.0474828881114946
(27001 27010) 0.2849879939014199
(27001 27011) 0.6564994369180571
(27001 27012) 1.5198571690870224
(27001 27013) 0.4986260133401773
(27001 27014) 1.5266723150961887
(27001 27015) 0.6030615489481262
(27001 27016) 0.628990061873909
(27001 27017) 0.34940501579538896
(27002 27001) 1.01592195580478
(27002 27002) 0.0
(27002 27003) 0.8711055846211598
(27002 27004) 0.45101700649022014
(27002 27005) 0.5747682647390842
(27002 27006) 0.8677487171970307
(27002 27007) 0.8503078709214257
(27002 27008) 0.31412923429066875
(27002 27009) 0.28708674829950326
(27002 27010) 0.832135060478485
(27002 27011) 1.02064137867439
(27002 27012) 0.7897176690139496
(27002 27013) 0.8194167578224847
(27002 27014) 1.3253063586613005
(27002 27015) 0.6103638164718048
(27002 27016) 0.6353964770213294
(27002 27017) 0.775020473128492
(27003 27001) 0.48229277154981587
(27003 27002) 0.8711055846211598
(27003 27003) 0.0
(27003 27004) 1.0298782946002478
(27003 27005) 0.4162303506819711
(27003 27006) 0.3488823850740025
(27003 27007) 0.5660992682138162
(27003 27008) 1.0242960673547388
(27003 27009) 0.9139175847712312
(27003 27010) 0.3652720930691912
(27003 27011) 0.3204549934625951
(27003 27012) 1.4856291896984402
(27003 27013) 0.37594208578479443
(27003 27014) 1.447365670811037
(27003 27015) 0.5308462121073192
(27003 27016) 0.4729568627441094
(27003 27017) 0.40124556179251863
(27004 27001) 1.1562287576173385
(27004 27002) 0.45101700649022014
(27004 27003) 1.0298782946002478
(27004 27004) 0.0
(27004 27005) 0.6586015392067532
(27004 27006) 0.9237385566769595
(27004 27007) 0.8916603111594249
(27004 27008) 0.6169733687213611
(27004 27009) 0.6911547947174335
(27004 27010) 0.9477017751588075
(27004 27011) 1.046725142211392
(27004 27012) 1.068819630274608
(27004 27013) 0.8915878287883158
(27004 27014) 1.317059940517697
(27004 27015) 0.6947317189426178
(27004 27016) 0.6357958477874811
(27004 27017) 0.8752369253896787
(27005 27001) 0.5898275723356526
(27005 27002) 0.5747682647390842
(27005 27003) 0.4162303506819711
(27005 27004) 0.6586015392067532
(27005 27005) 0.0
(27005 27006) 0.37252051791328405
(27005 27007) 0.5220606458045904
(27005 27008) 0.7665979064849826
(27005 27009) 0.7061736383719169
(27005 27010) 0.3790519461862784
(27005 27011) 0.5819719120072713
(27005 27012) 1.2626250194293789
(27005 27013) 0.3079231543589031
(27005 27014) 1.3495820793035358
(27005 27015) 0.3483651004327395
(27005 27016) 0.22549297353023434
(27005 27017) 0.3082038815512265
(27006 27001) 0.5359018491254431
(27006 27002) 0.8677487171970307
(27006 27003) 0.3488823850740025
(27006 27004) 0.9237385566769595
(27006 27005) 0.37252051791328405
(27006 27006) 0.0
(27006 27007) 0.5397445123048757
(27006 27008) 0.9870841030319867
(27006 27009) 0.9535096274910287
(27006 27010) 0.3773539602784423
(27006 27011) 0.518663924872159
(27006 27012) 1.5203390722886052
(27006 27013) 0.24227293410452452
(27006 27014) 1.4232924614075713
(27006 27015) 0.5636921827876094
(27006 27016) 0.42190763211822596
(27006 27017) 0.3723316646365258
(27007 27001) 0.6978734625947605
(27007 27002) 0.8503078709214257
(27007 27003) 0.5660992682138162
(27007 27004) 0.8916603111594249
(27007 27005) 0.5220606458045904
(27007 27006) 0.5397445123048757
(27007 27007) 0.0
(27007 27008) 0.9361919039382214
(27007 27009) 0.9450614781434501
(27007 27010) 0.5944797833656329
(27007 27011) 0.4909925013043154
(27007 27012) 1.453252625100238
(27007 27013) 0.5655206055941587
(27007 27014) 1.4797544758533994
(27007 27015) 0.7125247478166188
(27007 27016) 0.3622181894540097
(27007 27017) 0.5490484571879971
(27008 27001) 1.1118332332504748
(27008 27002) 0.31412923429066875
(27008 27003) 1.0242960673547388
(27008 27004) 0.6169733687213611
(27008 27005) 0.7665979064849826
(27008 27006) 0.9870841030319867
(27008 27007) 0.9361919039382214
(27008 27008) 0.0
(27008 27009) 0.17480953910798516
(27008 27010) 0.9792952362750454
(27008 27011) 1.0385021857518033
(27008 27012) 0.5701376036209799
(27008 27013) 1.0453261885278455
(27008 27014) 1.509918131763467
(27008 27015) 0.6885805889884288
(27008 27016) 0.7686319266681169
(27008 27017) 0.8385476624876472
(27009 27001) 1.0474828881114946
(27009 27002) 0.28708674829950326
(27009 27003) 0.9139175847712312
(27009 27004) 0.6911547947174335
(27009 27005) 0.7061736383719169
(27009 27006) 0.9535096274910287
(27009 27007) 0.9450614781434501
(27009 27008) 0.17480953910798516
(27009 27009) 0.0
(27009 27010) 0.9121389473184555
(27009 27011) 0.9590456072259048
(27009 27012) 0.638971685713128
(27009 27013) 0.9770240227477764
(27009 27014) 1.4895128710873895
(27009 27015) 0.6127195950273436
(27009 27016) 0.7594078171320733
(27009 27017) 0.8396500696454212
(27010 27001) 0.2849879939014199
(27010 27002) 0.832135060478485
(27010 27003) 0.3652720930691912
(27010 27004) 0.9477017751588075
(27010 27005) 0.3790519461862784
(27010 27006) 0.3773539602784423
(27010 27007) 0.5944797833656329
(27010 27008) 0.9792952362750454
(27010 27009) 0.9121389473184555
(27010 27010) 0.0
(27010 27011) 0.5771470172397286
(27010 27012) 1.4417789727677883
(27010 27013) 0.32592779281241796
(27010 27014) 1.469826829318038
(27010 27015) 0.47578139977924877
(27010 27016) 0.43458108483147917
(27010 27017) 0.17247912890777012
(27011 27001) 0.6564994369180571
(27011 27002) 1.02064137867439
(27011 27003) 0.3204549934625951
(27011 27004) 1.046725142211392
(27011 27005) 0.5819719120072713
(27011 27006) 0.518663924872159
(27011 27007) 0.4909925013043154
(27011 27008) 1.0385021857518033
(27011 27009) 0.9590456072259048
(27011 27010) 0.5771470172397286
(27011 27011) 0.0
(27011 27012) 1.5229900449572422
(27011 27013) 0.60114937539541
(27011 27014) 1.5825971003482593
(27011 27015) 0.670513933808194
(27011 27016) 0.4782365087478198
(27011 27017) 0.5257802025865055
(27012 27001) 1.5198571690870224
(27012 27002) 0.7897176690139496
(27012 27003) 1.4856291896984402
(27012 27004) 1.068819630274608
(27012 27005) 1.2626250194293789
(27012 27006) 1.5203390722886052
(27012 27007) 1.453252625100238
(27012 27008) 0.5701376036209799
(27012 27009) 0.638971685713128
(27012 27010) 1.4417789727677883
(27012 27011) 1.5229900449572422
(27012 27012) 0.0
(27012 27013) 1.5235165829840587
(27012 27014) 1.5710099061243614
(27012 27015) 1.1033925513223246
(27012 27016) 1.2994217166218398
(27012 27017) 1.3485787680843195
(27013 27001) 0.4986260133401773
(27013 27002) 0.8194167578224847
(27013 27003) 0.37594208578479443
(27013 27004) 0.8915878287883158
(27013 27005) 0.3079231543589031
(27013 27006) 0.24227293410452452
(27013 27007) 0.5655206055941587
(27013 27008) 1.0453261885278455
(27013 27009) 0.9770240227477764
(27013 27010) 0.32592779281241796
(27013 27011) 0.60114937539541
(27013 27012) 1.5235165829840587
(27013 27013) 0.0
(27013 27014) 1.356121313672456
(27013 27015) 0.590098721057954
(27013 27016) 0.4186993185619558
(27013 27017) 0.35538600037307605
(27014 27001) 1.5266723150961887
(27014 27002) 1.3253063586613005
(27014 27003) 1.447365670811037
(27014 27004) 1.317059940517697
(27014 27005) 1.3495820793035358
(27014 27006) 1.4232924614075713
(27014 27007) 1.4797544758533994
(27014 27008) 1.509918131763467
(27014 27009) 1.4895128710873895
(27014 27010) 1.469826829318038
(27014 27011) 1.5825971003482593
(27014 27012) 1.5710099061243614
(27014 27013) 1.356121313672456
(27014 27014) 0.0
(27014 27015) 1.5108467493419466
(27014 27016) 1.414882218183238
(27014 27017) 1.507966816438882
(27015 27001) 0.6030615489481262
(27015 27002) 0.6103638164718048
(27015 27003) 0.5308462121073192
(27015 27004) 0.6947317189426178
(27015 27005) 0.3483651004327395
(27015 27006) 0.5636921827876094
(27015 27007) 0.7125247478166188
(27015 27008) 0.6885805889884288
(27015 27009) 0.6127195950273436
(27015 27010) 0.47578139977924877
(27015 27011) 0.670513933808194
(27015 27012) 1.1033925513223246
(27015 27013) 0.590098721057954
(27015 27014) 1.5108467493419466
(27015 27015) 0.0
(27015 27016) 0.43804802802959664
(27015 27017) 0.4350140945187095
(27016 27001) 0.628990061873909
(27016 27002) 0.6353964770213294
(27016 27003) 0.4729568627441094
(27016 27004) 0.6357958477874811
(27016 27005) 0.22549297353023434
(27016 27006) 0.42190763211822596
(27016 27007) 0.3622181894540097
(27016 27008) 0.7686319266681169
(27016 27009) 0.7594078171320733
(27016 27010) 0.43458108483147917
(27016 27011) 0.4782365087478198
(27016 27012) 1.2994217166218398
(27016 27013) 0.4186993185619558
(27016 27014) 1.414882218183238
(27016 27015) 0.43804802802959664
(27016 27016) 0.0
(27016 27017) 0.35295392855001706
(27017 27001) 0.34940501579538896
(27017 27002) 0.775020473128492
(27017 27003) 0.40124556179251863
(27017 27004) 0.8752369253896787
(27017 27005) 0.3082038815512265
(27017 27006) 0.3723316646365258
(27017 27007) 0.5490484571879971
(27017 27008) 0.8385476624876472
(27017 27009) 0.8396500696454212
(27017 27010) 0.17247912890777012
(27017 27011) 0.5257802025865055
(27017 27012) 1.3485787680843195
(27017 27013) 0.35538600037307605
(27017 27014) 1.507966816438882
(27017 27015) 0.4350140945187095
(27017 27016) 0.35295392855001706
(27017 27017) 0.0
]
