!n: Number of areas
n: 43
!I: Set if areas
I: [28001 28002 28003 28004 28005 28006 28007 28008 28009 28010 28011 28012 28013 28014 28015 28016 28017 28018 28019 28020 28021 28022 28023 28024 28025 28026 28027 28028 28029 28030 28031 28032 28033 28034 28035 28036 28037 28038 28039 28040 28041 28042 28043 ]
!p: Number of regions
p: 10
!K: Set of regions
K: [1 2 3 4 5 6 7 8 9 10 ]
!N: Node Neighbor Set
N: [
(28001) [28008 28010 28018 28035 28037]
(28002) [28003 28008 28012 28037]
(28003) [28002 28009 28012 28038]
(28004) [28021 28028 28029]
(28005) [28010 28023 28034 28035 28036]
(28006) [28026 28031 28039]
(28007) [28015 28025]
(28008) [28001 28002 28012 28013 28018 28019 28030 28037 28041]
(28009) [28003 28038]
(28010) [28001 28005 28018 28034 28035 28036]
(28011) [28017 28019 28021 28029 28043]
(28012) [28002 28003 28008 28019 28021 28043]
(28013) [28008 28016 28017 28030 28041]
(28014) [28024 28027]
(28015) [28007 28032]
(28016) [28013 28030 28034 28042]
(28017) [28011 28013 28019 28026 28029 28031 28041]
(28018) [28001 28008 28010 28030 28034 28036]
(28019) [28008 28011 28012 28017 28041 28043]
(28020) [28042]
(28021) [28004 28011 28012 28029 28043]
(28022) [28033 28035 28040]
(28023) [28005 28032 28033 28035]
(28024) [28014 28025]
(28025) [28007 28024]
(28026) [28006 28017 28031]
(28027) [28014]
(28028) [28004 28029]
(28029) [28004 28011 28017 28021 28028 28031 28039]
(28030) [28008 28013 28016 28018 28034]
(28031) [28006 28017 28026 28029 28039]
(28032) [28015 28023 28033]
(28033) [28022 28023 28032 28035 28040]
(28034) [28005 28010 28016 28018 28030 28036 28042]
(28035) [28001 28005 28010 28022 28023 28033 28037]
(28036) [28005 28010 28018 28034]
(28037) [28001 28002 28008 28035]
(28038) [28003 28009]
(28039) [28006 28029 28031]
(28040) [28022 28033]
(28041) [28008 28013 28017 28019]
(28042) [28016 28020 28034]
(28043) [28011 28012 28019 28021]
]
!d(i,j): distance list
d: [
(28001 28001) 0.0
(28001 28002) 0.48006022419092303
(28001 28003) 1.2343106816945921
(28001 28004) 1.0532720823778612
(28001 28005) 0.7729353275834536
(28001 28006) 0.29926117185014034
(28001 28007) 0.7993289359006828
(28001 28008) 1.222672939207203
(28001 28009) 1.146449940061188
(28001 28010) 0.98920887228867
(28001 28011) 1.0903004261080917
(28001 28012) 0.7629466182501985
(28001 28013) 0.8411431640572326
(28001 28014) 0.8899689850567294
(28001 28015) 0.36081673766541916
(28001 28016) 0.6003680186211638
(28001 28017) 0.9772805612477093
(28001 28018) 0.8526040464778554
(28001 28019) 0.9599650834792325
(28001 28020) 1.9177235267516657
(28001 28021) 0.5559820114969549
(28001 28022) 0.9035212668970186
(28001 28023) 1.0281091824382185
(28001 28024) 0.5644824707083408
(28001 28025) 0.8085846865433342
(28001 28026) 0.7205249980408845
(28001 28027) 0.7822498473368009
(28001 28028) 0.552347304458427
(28001 28029) 0.7548907596163317
(28001 28030) 0.8775009449414151
(28001 28031) 0.9576316788921244
(28001 28032) 1.0177966860815941
(28001 28033) 0.5134228089456759
(28001 28034) 0.8980393571552436
(28001 28035) 1.5780646620067962
(28001 28036) 1.0
(28001 28037) 0.705652521719622
(28001 28038) 0.9313937942525513
(28001 28039) 0.5176629262150783
(28001 28040) 0.7861018103764781
(28001 28041) 0.6737678849412456
(28001 28042) 0.7402815006688377
(28001 28043) 0.8651136314783846
(28002 28001) 0.48006022419092303
(28002 28002) 0.0
(28002 28003) 1.3946207274795563
(28002 28004) 1.2260443330520938
(28002 28005) 0.7436953306562771
(28002 28006) 0.4559788400421996
(28002 28007) 0.4695437238074476
(28002 28008) 1.2856252418637764
(28002 28009) 1.3073317550346681
(28002 28010) 0.9277621245641318
(28002 28011) 1.265701136303733
(28002 28012) 0.9384623116487235
(28002 28013) 1.1031547882778838
(28002 28014) 0.61124266814872
(28002 28015) 0.5325671493936884
(28002 28016) 0.7685067382821161
(28002 28017) 1.1055392732079032
(28002 28018) 0.7866459556026377
(28002 28019) 0.9710772389452793
(28002 28020) 1.769187367251866
(28002 28021) 0.6997857032336559
(28002 28022) 1.007693114890018
(28002 28023) 1.0443261707329095
(28002 28024) 0.41760273090549604
(28002 28025) 0.72121781722468
(28002 28026) 0.6349411411976584
(28002 28027) 0.8934545332895427
(28002 28028) 0.45335754030696407
(28002 28029) 0.6011378188381626
(28002 28030) 0.817145933859728
(28002 28031) 1.0205839815486974
(28002 28032) 1.1367842370597276
(28002 28033) 0.6198344772604277
(28002 28034) 0.9591771879256826
(28002 28035) 1.5797142516038643
(28002 28036) 0.9999999999999999
(28002 28037) 0.5530999734473407
(28002 28038) 0.7687348433621206
(28002 28039) 0.5240072184381667
(28002 28040) 0.9621345769976812
(28002 28041) 0.7219266354484954
(28002 28042) 0.6588822041391073
(28002 28043) 1.0212931636713067
(28003 28001) 1.2343106816945921
(28003 28002) 1.3946207274795563
(28003 28003) 0.0
(28003 28004) 0.20591783674175473
(28003 28005) 1.6349160482804383
(28003 28006) 1.0712491561467024
(28003 28007) 1.5310625589772777
(28003 28008) 1.9586020624109515
(28003 28009) 0.09673543598294664
(28003 28010) 1.90005350397279
(28003 28011) 0.19095958238106175
(28003 28012) 1.4550563713640128
(28003 28013) 1.866946947365416
(28003 28014) 1.7651712008753553
(28003 28015) 1.2526843924546682
(28003 28016) 1.7279674024434826
(28003 28017) 0.34690942357136334
(28003 28018) 1.7145847671748395
(28003 28019) 1.8197113612884492
(28003 28020) 1.9889996638087424
(28003 28021) 1.2993767993298513
(28003 28022) 0.44145516498371373
(28003 28023) 1.8188137660781263
(28003 28024) 1.4392284333643397
(28003 28025) 1.6640164194884015
(28003 28026) 1.5277302583017098
(28003 28027) 0.9271852953642902
(28003 28028) 1.4069752801404596
(28003 28029) 1.606343920119379
(28003 28030) 1.7937960484541127
(28003 28031) 1.7483025483545416
(28003 28032) 0.8122731255260389
(28003 28033) 0.8726021733143806
(28003 28034) 1.762572201973832
(28003 28035) 1.7238327301137686
(28003 28036) 1.0
(28003 28037) 1.7724736722241643
(28003 28038) 1.5760533892289699
(28003 28039) 1.6391036906440897
(28003 28040) 0.5593164388137043
(28003 28041) 1.4717761194902625
(28003 28042) 1.6022622213658222
(28003 28043) 0.46540457570500365
(28004 28001) 1.0532720823778612
(28004 28002) 1.2260443330520938
(28004 28003) 0.20591783674175473
(28004 28004) 0.0
(28004 28005) 1.434273754190951
(28004 28006) 0.8884435983197534
(28004 28007) 1.4392443452929915
(28004 28008) 1.8306516973360791
(28004 28009) 0.18261346491729444
(28004 28010) 1.71724794614584
(28004 28011) 0.06172336210945563
(28004 28012) 1.3763935688856361
(28004 28013) 1.7398754096169575
(28004 28014) 1.6051512419561493
(28004 28015) 1.1082927642848495
(28004 28016) 1.5679474435242764
(28004 28017) 0.17154105357452218
(28004 28018) 1.5298180301547375
(28004 28019) 1.621580842849424
(28004 28020) 1.9430191102548775
(28004 28021) 1.2193550991079105
(28004 28022) 0.3904644247128277
(28004 28023) 1.664152025542504
(28004 28024) 1.2604854468509528
(28004 28025) 1.6162552728493025
(28004 28026) 1.3537993396729722
(28004 28027) 0.8748447889941423
(28004 28028) 1.2063329860509724
(28004 28029) 1.416665002244237
(28004 28030) 1.594056990912553
(28004 28031) 1.5656104370210002
(28004 28032) 0.7521345459285375
(28004 28033) 0.8141221452311259
(28004 28034) 1.5632796739836063
(28004 28035) 1.72033536487268
(28004 28036) 1.0
(28004 28037) 1.6489506107260103
(28004 28038) 1.5250626489580836
(28004 28039) 1.465446070850226
(28004 28040) 0.47604801266052965
(28004 28041) 1.4194356131201145
(28004 28042) 1.4016199272763348
(28004 28043) 0.36935832209210057
(28005 28001) 0.7729353275834536
(28005 28002) 0.7436953306562771
(28005 28003) 1.6349160482804383
(28005 28004) 1.434273754190951
(28005 28005) 0.0
(28005 28006) 0.6831547242568299
(28005 28007) 0.8521443205034765
(28005 28008) 0.694509619896762
(28005 28009) 1.6131189232594183
(28005 28010) 0.30595964335992504
(28005 28011) 1.4439564658993758
(28005 28012) 1.1235598295137583
(28005 28013) 1.1969973477382776
(28005 28014) 0.6896445247592112
(28005 28015) 0.920722790557321
(28005 28016) 0.4571237070321249
(28005 28017) 1.3012677653196922
(28005 28018) 0.11852972736882222
(28005 28019) 0.4343929593061679
(28005 28020) 1.8722665415297983
(28005 28021) 1.089515053591196
(28005 28022) 1.3191238771750864
(28005 28023) 0.4360089845727467
(28005 28024) 0.5301863333277245
(28005 28025) 0.6571730261714364
(28005 28026) 0.26996904241143194
(28005 28027) 1.2679943333830463
(28005 28028) 0.637366579464579
(28005 28029) 0.3702012729618404
(28005 28030) 0.3556816257719405
(28005 28031) 0.4294683595816834
(28005 28032) 1.4578074744825948
(28005 28033) 0.9888747054969687
(28005 28034) 0.389514216893391
(28005 28035) 1.7475414216746563
(28005 28036) 0.9999999999999998
(28005 28037) 0.7867092026666328
(28005 28038) 1.0924954942400515
(28005 28039) 0.7839254456912581
(28005 28040) 1.3138013496736953
(28005 28041) 0.9467101083044316
(28005 28042) 0.18402410250274048
(28005 28043) 1.2688370496046775
(28006 28001) 0.29926117185014034
(28006 28002) 0.4559788400421996
(28006 28003) 1.0712491561467024
(28006 28004) 0.8884435983197534
(28006 28005) 0.6831547242568299
(28006 28006) 0.0
(28006 28007) 0.7757801966814284
(28006 28008) 1.179574275362319
(28006 28009) 0.9838740940187419
(28006 28010) 0.8672215181646846
(28006 28011) 0.9211117614332138
(28006 28012) 0.9907487775178248
(28006 28013) 1.0769792317962488
(28006 28014) 0.8214822607106463
(28006 28015) 0.5401507585087995
(28006 28016) 0.7157815245779832
(28006 28017) 0.7722257638575185
(28006 28018) 0.7261053492031903
(28006 28019) 0.9183961523077111
(28006 28020) 1.8319746376811596
(28006 28021) 0.7980175811346857
(28006 28022) 0.745381360865865
(28006 28023) 0.9837855643334621
(28006 28024) 0.46379343782760496
(28006 28025) 0.7640893539030095
(28006 28026) 0.5916774451254941
(28006 28027) 0.6251315129748553
(28006 28028) 0.46537346112804867
(28006 28029) 0.6322427085996556
(28006 28030) 0.8096346972679718
(28006 28031) 0.9145330150472402
(28006 28032) 0.8560515302322506
(28006 28033) 0.3460118850887775
(28006 28034) 0.8592321350051302
(28006 28035) 1.627523305732628
(28006 28036) 1.0000000000000002
(28006 28037) 0.7674956525444347
(28006 28038) 0.9472515781950501
(28006 28039) 0.6739496067823028
(28006 28040) 0.6709385292655048
(28006 28041) 0.8218735611938534
(28006 28042) 0.6102089934935752
(28006 28043) 0.7036412297924923
(28007 28001) 0.7993289359006828
(28007 28002) 0.4695437238074476
(28007 28003) 1.5310625589772777
(28007 28004) 1.4392443452929915
(28007 28005) 0.8521443205034765
(28007 28006) 0.7757801966814284
(28007 28007) 0.0
(28007 28008) 1.3924443009363898
(28007 28009) 1.4631896178277017
(28007 28010) 1.0012664317660764
(28007 28011) 1.4789011485446304
(28007 28012) 0.9342525556540638
(28007 28013) 1.2097561326762147
(28007 28014) 0.839960232363021
(28007 28015) 0.7156326707857005
(28007 28016) 0.8751080826804473
(28007 28017) 1.3181280896700172
(28007 28018) 0.8601502628045822
(28007 28019) 1.0487244579135082
(28007 28020) 1.7327066814958323
(28007 28021) 0.7866752474219586
(28007 28022) 1.1543237419609254
(28007 28023) 1.1339436656123747
(28007 28024) 0.6353057582398597
(28007 28025) 0.6549817729389231
(28007 28026) 0.8541360217175524
(28007 28027) 0.8078897788875887
(28007 28028) 0.7035811739937723
(28007 28029) 0.6704171288441112
(28007 28030) 0.9239649929323415
(28007 28031) 1.1274030406213114
(28007 28032) 1.3262331020159115
(28007 28033) 0.7266935341947206
(28007 28034) 1.0659962469982964
(28007 28035) 1.2638002225330378
(28007 28036) 1.0
(28007 28037) 0.7362441952928209
(28007 28038) 0.608704633793287
(28007 28039) 0.5855947431446376
(28007 28040) 1.091045135541584
(28007 28041) 0.521739106822552
(28007 28042) 0.8332997727715916
(28007 28043) 1.083651998856334
(28008 28001) 1.222672939207203
(28008 28002) 1.2856252418637764
(28008 28003) 1.9586020624109515
(28008 28004) 1.8306516973360791
(28008 28005) 0.694509619896762
(28008 28006) 1.179574275362319
(28008 28007) 1.3924443009363898
(28008 28008) 0.0
(28008 28009) 1.9461200344490621
(28008 28010) 0.65695067264574
(28008 28011) 1.8405628509429317
(28008 28012) 1.6082009253315328
(28008 28013) 1.2647881840523638
(28008 28014) 0.9559234573210063
(28008 28015) 1.469839887491689
(28008 28016) 0.7606064380257929
(28008 28017) 1.732794470801851
(28008 28018) 0.6856376036324197
(28008 28019) 0.34371984302288183
(28008 28020) 2.0
(28008 28021) 1.5532237297645637
(28008 28022) 1.7349144523918627
(28008 28023) 0.25850063532401535
(28008 28024) 1.2060620875091665
(28008 28025) 0.912347927840078
(28008 28026) 0.7036621442415586
(28008 28027) 1.7128198267366515
(28008 28028) 1.2300256842221546
(28008 28029) 0.9751100262583676
(28008 28030) 0.4684793080040485
(28008 28031) 0.26504126031507874
(28008 28032) 1.8308883063238723
(28008 28033) 1.4474951248635897
(28008 28034) 0.32644805393809373
(28008 28035) 1.8600514074446421
(28008 28036) 1.0
(28008 28037) 1.074691787631736
(28008 28038) 1.47801603347078
(28008 28039) 1.2695327694759708
(28008 28040) 1.7378438014356923
(28008 28041) 1.4188944959425374
(28008 28042) 0.6267430377246691
(28008 28043) 1.6643243326956514
(28009 28001) 1.146449940061188
(28009 28002) 1.3073317550346681
(28009 28003) 0.09673543598294664
(28009 28004) 0.18261346491729444
(28009 28005) 1.6131189232594183
(28009 28006) 0.9838740940187419
(28009 28007) 1.4631896178277017
(28009 28008) 1.9461200344490621
(28009 28009) 0.0
(28009 28010) 1.8293924679646354
(28009 28011) 0.19904055005979912
(28009 28012) 1.4025868904803112
(28009 28013) 1.7792985346731773
(28009 28014) 1.7319160552109492
(28009 28015) 1.1643396939583035
(28009 28016) 1.6398333102458005
(28009 28017) 0.32198365883293806
(28009 28018) 1.6927876421538204
(28009 28019) 1.7983646347832738
(28009 28020) 1.979411216185334
(28009 28021) 1.239146123246561
(28009 28022) 0.4567422142326415
(28009 28023) 1.806605088680515
(28009 28024) 1.4025249267799433
(28009 28025) 1.600366521110174
(28009 28026) 1.5056597827164122
(28009 28027) 0.8849942619094339
(28009 28028) 1.3851781551194404
(28009 28029) 1.5873072780752617
(28009 28030) 1.7723556864917096
(28009 28031) 1.7265054233335222
(28009 28032) 0.777653444631636
(28009 28033) 0.825546318318289
(28009 28034) 1.7417966442508102
(28009 28035) 1.665843200307174
(28009 28036) 0.9999999999999999
(28009 28037) 1.6889740120509709
(28009 28038) 1.5348413595099666
(28009 28039) 1.5506532883820188
(28009 28040) 0.4925780115652675
(28009 28041) 1.4295425224732612
(28009 28042) 1.5804650963448028
(28009 28043) 0.46091370342677596
(28010 28001) 0.98920887228867
(28010 28002) 0.9277621245641318
(28010 28003) 1.90005350397279
(28010 28004) 1.71724794614584
(28010 28005) 0.30595964335992504
(28010 28006) 0.8672215181646846
(28010 28007) 1.0012664317660764
(28010 28008) 0.65695067264574
(28010 28009) 1.8293924679646354
(28010 28010) 0.0
(28010 28011) 1.7499161092593007
(28010 28012) 1.3398333742189745
(28010 28013) 1.1471438402702738
(28010 28014) 0.7444620698122043
(28010 28015) 1.1197517716900542
(28010 28016) 0.5109801301035208
(28010 28017) 1.6010301116836054
(28010 28018) 0.19194125914178223
(28010 28019) 0.46768816487194154
(28010 28020) 1.8400597907324365
(28010 28021) 1.3057885982964121
(28010 28022) 1.5741857086919517
(28010 28023) 0.5315122990752188
(28010 28024) 0.7462892249501376
(28010 28025) 0.6627216199178061
(28010 28026) 0.5437219349739951
(28010 28027) 1.4842678780882628
(28010 28028) 0.9021161855514042
(28010 28029) 0.6439541655244035
(28010 28030) 0.42510369422370087
(28010 28031) 0.5844825556164828
(28010 28032) 1.684855878058338
(28010 28033) 1.205148250202185
(28010 28034) 0.4970364832494789
(28010 28035) 1.7204445876281367
(28010 28036) 1.0
(28010 28037) 0.726125048496215
(28010 28038) 1.155799301837559
(28010 28039) 0.9068458313966239
(28010 28040) 1.5300748943789118
(28010 28041) 1.1430292713687207
(28010 28042) 0.4202180478142814
(28010 28043) 1.5324455776185792
(28011 28001) 1.0903004261080917
(28011 28002) 1.265701136303733
(28011 28003) 0.19095958238106175
(28011 28004) 0.06172336210945563
(28011 28005) 1.4439564658993758
(28011 28006) 0.9211117614332138
(28011 28007) 1.4789011485446304
(28011 28008) 1.8405628509429317
(28011 28009) 0.19904055005979912
(28011 28010) 1.7499161092593007
(28011 28011) 0.0
(28011 28012) 1.416050372137275
(28011 28013) 1.7727720146288457
(28011 28014) 1.6229699282483991
(28011 28015) 1.147949567536488
(28011 28016) 1.5857661298165264
(28011 28017) 0.1724831064870799
(28011 28018) 1.562486193268198
(28011 28019) 1.6586570755692662
(28011 28020) 1.9209525513970604
(28011 28021) 1.2590119023595494
(28011 28022) 0.433292947182517
(28011 28023) 1.6959012961087456
(28011 28024) 1.296049272112092
(28011 28025) 1.6340739591415525
(28011 28026) 1.3416439344220081
(28011 28027) 0.9145015922457812
(28011 28028) 1.2250189842351353
(28011 28029) 1.4333363540908404
(28011 28030) 1.6107283427591566
(28011 28031) 1.5919793118007248
(28011 28032) 0.8126698997851594
(28011 28033) 0.8537789484827648
(28011 28034) 1.588898640672111
(28011 28035) 1.7590999584186922
(28011 28036) 1.0
(28011 28037) 1.688607413977649
(28011 28038) 1.5647194522097227
(28011 28039) 1.5051028741018648
(28011 28040) 0.535134938186654
(28011 28041) 1.4590924163717536
(28011 28042) 1.41130263898476
(28011 28043) 0.4310816842015562
(28012 28001) 0.7629466182501985
(28012 28002) 0.9384623116487235
(28012 28003) 1.4550563713640128
(28012 28004) 1.3763935688856361
(28012 28005) 1.1235598295137583
(28012 28006) 0.9907487775178248
(28012 28007) 0.9342525556540638
(28012 28008) 1.6082009253315328
(28012 28009) 1.4025868904803112
(28012 28010) 1.3398333742189745
(28012 28011) 1.416050372137275
(28012 28012) 0.0
(28012 28013) 1.031002773509994
(28012 28014) 1.295579400040534
(28012 28015) 0.6390819690271936
(28012 28016) 0.9575793042710148
(28012 28017) 1.2798917753788301
(28012 28018) 1.20322854840816
(28012 28019) 1.306454550933584
(28012 28020) 1.8991581545257092
(28012 28021) 0.5966741616865952
(28012 28022) 1.099797129168565
(28012 28023) 1.3972990565944794
(28012 28024) 1.0221614139355437
(28012 28025) 1.0717080108449089
(28012 28026) 1.173493342735216
(28012 28027) 0.9681517402962957
(28012 28028) 1.0866504492759188
(28012 28029) 1.0789499376137335
(28012 28030) 1.274657072515989
(28012 28031) 1.343159665016454
(28012 28032) 1.2402246261052998
(28012 28033) 0.8707557319704513
(28012 28034) 1.2829373054922302
(28012 28035) 1.5213155147523776
(28012 28036) 0.9999999999999997
(28012 28037) 1.0299484134425123
(28012 28038) 0.8775091522962608
(28012 28039) 0.6754955960827973
(28012 28040) 1.0276878240834644
(28012 28041) 0.6960131926452284
(28012 28042) 1.096700927171321
(28012 28043) 1.114959352654
(28013 28001) 0.8411431640572326
(28013 28002) 1.1031547882778838
(28013 28003) 1.866946947365416
(28013 28004) 1.7398754096169575
(28013 28005) 1.1969973477382776
(28013 28006) 1.0769792317962488
(28013 28007) 1.2097561326762147
(28013 28008) 1.2647881840523638
(28013 28009) 1.7792985346731773
(28013 28010) 1.1471438402702738
(28013 28011) 1.7727720146288457
(28013 28012) 1.031002773509994
(28013 28013) 0.0
(28013 28014) 1.145476169497039
(28013 28015) 1.0098263647474461
(28013 28016) 0.8388297960223389
(28013 28017) 1.6588063374917537
(28013 28018) 1.1581363392638573
(28013 28019) 1.176592466865039
(28013 28020) 1.9720417548726181
(28013 28021) 1.079429639462728
(28013 28022) 1.6162258042347168
(28013 28023) 1.2249555928656592
(28013 28024) 1.1393473467981274
(28013 28025) 1.0049286982989796
(28013 28026) 1.1969973477382778
(28013 28027) 1.5163428454817542
(28013 28028) 1.1879940612625393
(28013 28029) 1.1969973477382778
(28013 28030) 1.1969973477382776
(28013 28031) 1.1969973477382778
(28013 28032) 1.6841862302256043
(28013 28033) 1.2506509217857673
(28013 28034) 1.1810610927581981
(28013 28035) 1.6589440760748257
(28013 28036) 0.9999999999999999
(28013 28037) 0.9484886979072973
(28013 28038) 1.2560026873629915
(28013 28039) 0.7294304966337035
(28013 28040) 1.503433921774259
(28013 28041) 1.0401289072019844
(28013 28042) 1.1969973477382776
(28013 28043) 1.5541823810355417
(28014 28001) 0.8899689850567294
(28014 28002) 0.61124266814872
(28014 28003) 1.7651712008753553
(28014 28004) 1.6051512419561493
(28014 28005) 0.6896445247592112
(28014 28006) 0.8214822607106463
(28014 28007) 0.839960232363021
(28014 28008) 0.9559234573210063
(28014 28009) 1.7319160552109492
(28014 28010) 0.7444620698122043
(28014 28011) 1.6229699282483991
(28014 28012) 1.295579400040534
(28014 28013) 1.145476169497039
(28014 28014) 0.0
(28014 28015) 1.1146678763032405
(28014 28016) 0.5391671912017866
(28014 28017) 1.4555844764245018
(28014 28018) 0.6140654223367497
(28014 28019) 0.7297895646641
(28014 28020) 1.7780047301655557
(28014 28021) 1.2606150140335093
(28014 28022) 1.440109251918164
(28014 28023) 0.8228611955675117
(28014 28024) 0.7911045031942118
(28014 28025) 0.5224061165500129
(28014 28026) 0.595382713394969
(28014 28027) 1.415284567951952
(28014 28028) 0.8604816538203791
(28014 28029) 0.5868870634546693
(28014 28030) 0.5648222239809182
(28014 28031) 0.7729668804537192
(28014 28032) 1.5941892598532699
(28014 28033) 1.1327878142424488
(28014 28034) 0.7152633647801334
(28014 28035) 1.6853160586132832
(28014 28036) 0.9999999999999998
(28014 28037) 0.3823374417627383
(28014 28038) 1.0324718818571164
(28014 28039) 0.8341730046310949
(28014 28040) 1.4765740292930019
(28014 28041) 1.068593735093294
(28014 28042) 0.6060408313431797
(28014 28043) 1.421290820646347
(28015 28001) 0.36081673766541916
(28015 28002) 0.5325671493936884
(28015 28003) 1.2526843924546682
(28015 28004) 1.1082927642848495
(28015 28005) 0.920722790557321
(28015 28006) 0.5401507585087995
(28015 28007) 0.7156326707857005
(28015 28008) 1.469839887491689
(28015 28009) 1.1643396939583035
(28015 28010) 1.1197517716900542
(28015 28011) 1.147949567536488
(28015 28012) 0.6390819690271936
(28015 28013) 1.0098263647474461
(28015 28014) 1.1146678763032405
(28015 28015) 0.0
(28015 28016) 0.7791469003791999
(28015 28017) 0.9870657541300999
(28015 28018) 0.9831469458792396
(28015 28019) 1.1611169812078042
(28015 28020) 1.8550219779573152
(28015 28021) 0.4091445946607084
(28015 28022) 0.8802138587821022
(28015 28023) 1.2213536306339534
(28015 28024) 0.6736123080830456
(28015 28025) 0.8856014649934549
(28015 28026) 0.9049903975310195
(28015 28027) 0.7505532148243853
(28015 28028) 0.6755374588448593
(28015 28029) 0.8585672058714179
(28015 28030) 1.0964918199636022
(28015 28031) 1.20479862717661
(28015 28032) 1.0097151816451404
(28015 28033) 0.48663958614256325
(28015 28034) 1.148908229508238
(28015 28035) 1.5665191708076702
(28015 28036) 1.0
(28015 28037) 0.8387467894379038
(28015 28038) 0.7984792320068376
(28015 28039) 0.5106240560173233
(28015 28040) 0.7698683177408993
(28015 28041) 0.565707533528257
(28015 28042) 0.9094559796105678
(28015 28043) 0.8876973403091696
(28016 28001) 0.6003680186211638
(28016 28002) 0.7685067382821161
(28016 28003) 1.7279674024434826
(28016 28004) 1.5679474435242764
(28016 28005) 0.4571237070321249
(28016 28006) 0.7157815245779832
(28016 28007) 0.8751080826804473
(28016 28008) 0.7606064380257929
(28016 28009) 1.6398333102458005
(28016 28010) 0.5109801301035208
(28016 28011) 1.5857661298165264
(28016 28012) 0.9575793042710148
(28016 28013) 0.8388297960223389
(28016 28014) 0.5391671912017866
(28016 28015) 0.7791469003791999
(28016 28016) 0.0
(28016 28017) 1.4183806779926291
(28016 28018) 0.38154460460966333
(28016 28019) 0.5503566234161484
(28016 28020) 1.7891733375604344
(28016 28021) 0.9259513881820243
(28016 28022) 1.4169691953249115
(28016 28023) 0.6275441762722983
(28016 28024) 0.758940489458306
(28016 28025) 0.3661482214159524
(28016 28026) 0.3740305030627612
(28016 28027) 1.3102876403492048
(28016 28028) 0.8344464627833849
(28016 28029) 0.5767359504649369
(28016 28030) 0.42798786807344963
(28016 28031) 0.5404460627266329
(28016 28032) 1.5297754228125653
(28016 28033) 1.0339359053353399
(28016 28034) 0.4989259364275429
(28016 28035) 1.6279019867399773
(28016 28036) 1.0
(28016 28037) 0.5730925354014661
(28016 28038) 0.9693580667980284
(28016 28039) 0.5129911419666011
(28016 28040) 1.3242723657550206
(28016 28041) 0.7878204405234543
(28016 28042) 0.37403050306276103
(28016 28043) 1.3841600397023226
(28017 28001) 0.9772805612477093
(28017 28002) 1.1055392732079032
(28017 28003) 0.34690942357136334
(28017 28004) 0.17154105357452218
(28017 28005) 1.3012677653196922
(28017 28006) 0.7722257638575185
(28017 28007) 1.3181280896700172
(28017 28008) 1.732794470801851
(28017 28009) 0.32198365883293806
(28017 28010) 1.6010301116836054
(28017 28011) 0.1724831064870799
(28017 28012) 1.2798917753788301
(28017 28013) 1.6588063374917537
(28017 28014) 1.4555844764245018
(28017 28015) 0.9870657541300999
(28017 28016) 1.4183806779926291
(28017 28017) 0.0
(28017 28018) 1.4136001956925028
(28017 28019) 1.5379616863532397
(28017 28020) 1.8744329378777658
(28017 28021) 1.14213777456266
(28017 28022) 0.32104872888543556
(28017 28023) 1.5997322090483568
(28017 28024) 1.1442676123887177
(28017 28025) 1.4615908526544725
(28017 28026) 1.1873559407616328
(28017 28027) 0.7928862128688564
(28017 28028) 1.07613298665944
(28017 28029) 1.2804939114207403
(28017 28030) 1.4592940500794507
(28017 28031) 1.4958102247403358
(28017 28032) 0.797046305639948
(28017 28033) 0.7215037577879622
(28017 28034) 1.484917737704093
(28017 28035) 1.7588189184929337
(28017 28036) 1.0
(28017 28037) 1.5295676743115376
(28017 28038) 1.4038356388033348
(28017 28039) 1.3448307721900996
(28017 28040) 0.4258200689334021
(28017 28041) 1.2982086029653657
(28017 28042) 1.2686139384050763
(28017 28043) 0.3169036388004605
(28018 28001) 0.8526040464778554
(28018 28002) 0.7866459556026377
(28018 28003) 1.7145847671748395
(28018 28004) 1.5298180301547375
(28018 28005) 0.11852972736882222
(28018 28006) 0.7261053492031903
(28018 28007) 0.8601502628045822
(28018 28008) 0.6856376036324197
(28018 28009) 1.6927876421538204
(28018 28010) 0.19194125914178223
(28018 28011) 1.562486193268198
(28018 28012) 1.20322854840816
(28018 28013) 1.1581363392638573
(28018 28014) 0.6140654223367497
(28018 28015) 0.9831469458792396
(28018 28016) 0.38154460460966333
(28018 28017) 1.4136001956925028
(28018 28018) 0.0
(28018 28019) 0.40511606216858675
(28018 28020) 1.8355484475817572
(28018 28021) 1.1691837724855976
(28018 28022) 1.398792596069488
(28018 28023) 0.4271369683084043
(28018 28024) 0.5731369582740851
(28018 28025) 0.5815939237489749
(28018 28026) 0.3517806758322129
(28018 28027) 1.347663052277448
(28018 28028) 0.710174926409622
(28018 28029) 0.4520129063826214
(28018 28030) 0.31009151555955683
(28018 28031) 0.4257395706120597
(28018 28032) 1.5374761933769965
(28018 28033) 1.0685434243913703
(28018 28034) 0.36470594564896897
(28018 28035) 1.708680413200236
(28018 28036) 1.0
(28018 28037) 0.7111301002441713
(28018 28038) 1.0185447112270722
(28018 28039) 0.7657296624351299
(28018 28040) 1.3934700685680972
(28018 28041) 1.0064244455579061
(28018 28042) 0.25696371965917897
(28018 28043) 1.3485057684990795
(28019 28001) 0.9599650834792325
(28019 28002) 0.9710772389452793
(28019 28003) 1.8197113612884492
(28019 28004) 1.621580842849424
(28019 28005) 0.4343929593061679
(28019 28006) 0.9183961523077111
(28019 28007) 1.0487244579135082
(28019 28008) 0.34371984302288183
(28019 28009) 1.7983646347832738
(28019 28010) 0.46768816487194154
(28019 28011) 1.6586570755692662
(28019 28012) 1.306454550933584
(28019 28013) 1.176592466865039
(28019 28014) 0.7297895646641
(28019 28015) 1.1611169812078042
(28019 28016) 0.5503566234161484
(28019 28017) 1.5379616863532397
(28019 28018) 0.40511606216858675
(28019 28019) 0.0
(28019 28020) 1.9132122407840277
(28019 28021) 1.254752067495241
(28019 28022) 1.4794836952955992
(28019 28023) 0.17039094164825946
(28019 28024) 0.9182593892696176
(28019 28025) 0.6506979525017837
(28019 28026) 0.5256153513355519
(28019 28027) 1.4330460558134817
(28019 28028) 0.9609057371558225
(28019 28029) 0.6783585153563766
(28019 28030) 0.201250236112785
(28019 28031) 0.1799926923035899
(28019 28032) 1.632051011507616
(28019 28033) 1.1494357600265657
(28019 28034) 0.09254661993658614
(28019 28035) 1.7183253309512208
(28019 28036) 1.0000000000000002
(28019 28037) 0.7947963743337473
(28019 28038) 1.143775634421537
(28019 28039) 0.9576393573274183
(28019 28040) 1.4884372569818236
(28019 28041) 1.1237370298451723
(28019 28042) 0.3719038292547676
(28019 28043) 1.444726747453291
(28020 28001) 1.9177235267516657
(28020 28002) 1.769187367251866
(28020 28003) 1.9889996638087424
(28020 28004) 1.9430191102548775
(28020 28005) 1.8722665415297983
(28020 28006) 1.8319746376811596
(28020 28007) 1.7327066814958323
(28020 28008) 2.0
(28020 28009) 1.979411216185334
(28020 28010) 1.8400597907324365
(28020 28011) 1.9209525513970604
(28020 28012) 1.8991581545257092
(28020 28013) 1.9720417548726181
(28020 28014) 1.7780047301655557
(28020 28015) 1.8550219779573152
(28020 28016) 1.7891733375604344
(28020 28017) 1.8744329378777658
(28020 28018) 1.8355484475817572
(28020 28019) 1.9132122407840277
(28020 28020) 0.0
(28020 28021) 1.9184426234872645
(28020 28022) 1.9241242706151112
(28020 28023) 2.0
(28020 28024) 1.6051745858639037
(28020 28025) 1.7574303266699172
(28020 28026) 1.7162093236764258
(28020 28027) 1.9137013719072293
(28020 28028) 1.4628407302051976
(28020 28029) 1.5693627722918748
(28020 28030) 1.8224321478946235
(28020 28031) 1.955588897224306
(28020 28032) 1.965364822293687
(28020 28033) 1.9030415605893516
(28020 28034) 1.9193380324854428
(28020 28035) 1.9732371086629297
(28020 28036) 1.0
(28020 28037) 1.8240810442291848
(28020 28038) 1.8371767669912389
(28020 28039) 1.6279642959184024
(28020 28040) 1.940382673671546
(28020 28041) 1.8674481103612488
(28020 28042) 1.7886628481137665
(28020 28043) 1.950026042536959
(28021 28001) 0.5559820114969549
(28021 28002) 0.6997857032336559
(28021 28003) 1.2993767993298513
(28021 28004) 1.2193550991079105
(28021 28005) 1.089515053591196
(28021 28006) 0.7980175811346857
(28021 28007) 0.7866752474219586
(28021 28008) 1.5532237297645637
(28021 28009) 1.239146123246561
(28021 28010) 1.3057885982964121
(28021 28011) 1.2590119023595494
(28021 28012) 0.5966741616865952
(28021 28013) 1.079429639462728
(28021 28014) 1.2606150140335093
(28021 28015) 0.4091445946607084
(28021 28016) 0.9259513881820243
(28021 28017) 1.14213777456266
(28021 28018) 1.1691837724855976
(28021 28019) 1.254752067495241
(28021 28020) 1.9184426234872645
(28021 28021) 0.0
(28021 28022) 0.9080845616459037
(28021 28023) 1.3439698117103622
(28021 28024) 0.8673641503158527
(28021 28025) 0.9237209369387891
(28021 28026) 1.051794885333844
(28021 28027) 0.7130748871555048
(28021 28028) 0.8955672035756314
(28021 28029) 1.0419241352631523
(28021 28030) 1.243296307766427
(28021 28031) 1.288182469449485
(28021 28032) 1.0712791639928425
(28021 28033) 0.6013900591253014
(28021 28034) 1.2322920717811128
(28021 28035) 1.3793179485399862
(28021 28036) 1.0
(28021 28037) 0.9932642808788927
(28021 28038) 0.7557100540787073
(28021 28039) 0.6796596000463662
(28021 28040) 0.7806278147431129
(28021 28041) 0.5145142390090668
(28021 28042) 1.0568612266765802
(28021 28043) 0.8682611465765679
(28022 28001) 0.9035212668970186
(28022 28002) 1.007693114890018
(28022 28003) 0.44145516498371373
(28022 28004) 0.3904644247128277
(28022 28005) 1.3191238771750864
(28022 28006) 0.745381360865865
(28022 28007) 1.1543237419609254
(28022 28008) 1.7349144523918627
(28022 28009) 0.4567422142326415
(28022 28010) 1.5741857086919517
(28022 28011) 0.433292947182517
(28022 28012) 1.099797129168565
(28022 28013) 1.6162258042347168
(28022 28014) 1.440109251918164
(28022 28015) 0.8802138587821022
(28022 28016) 1.4169691953249115
(28022 28017) 0.32104872888543556
(28022 28018) 1.398792596069488
(28022 28019) 1.4794836952955992
(28022 28020) 1.9241242706151112
(28022 28021) 0.9080845616459037
(28022 28022) 0.0
(28022 28023) 1.567896988166406
(28022 28024) 1.1058353707083188
(28022 28025) 1.264990833016456
(28022 28026) 1.2391672550889894
(28022 28027) 0.4983200098109661
(28022 28028) 1.091183109035108
(28022 28029) 1.259693548809445
(28022 28030) 1.4649959417189482
(28022 28031) 1.469873192076784
(28022 28032) 0.5554145893851938
(28022 28033) 0.4600492984934839
(28022 28034) 1.4445054944826041
(28022 28035) 1.5310963261087174
(28022 28036) 1.0
(28022 28037) 1.4167413713984198
(28022 28038) 1.1345982242452564
(28022 28039) 1.2730035313816022
(28022 28040) 0.182248337900153
(28022 28041) 1.0382744686353473
(28022 28042) 1.2864700502604705
(28022 28043) 0.18013652248415601
(28023 28001) 1.0281091824382185
(28023 28002) 1.0443261707329095
(28023 28003) 1.8188137660781263
(28023 28004) 1.664152025542504
(28023 28005) 0.4360089845727467
(28023 28006) 0.9837855643334621
(28023 28007) 1.1339436656123747
(28023 28008) 0.25850063532401535
(28023 28009) 1.806605088680515
(28023 28010) 0.5315122990752188
(28023 28011) 1.6959012961087456
(28023 28012) 1.3972990565944794
(28023 28013) 1.2249555928656592
(28023 28014) 0.8228611955675117
(28023 28015) 1.2213536306339534
(28023 28016) 0.6275441762722983
(28023 28017) 1.5997322090483568
(28023 28018) 0.4271369683084043
(28023 28019) 0.17039094164825946
(28023 28020) 2.0
(28023 28021) 1.3439698117103622
(28023 28022) 1.567896988166406
(28023 28023) 0.0
(28023 28024) 0.9475614521851511
(28023 28025) 0.784906484641638
(28023 28026) 0.5705998824880641
(28023 28027) 1.5271903430822475
(28023 28028) 0.9715250488981394
(28023 28029) 0.716609390934352
(28023 28030) 0.2635102770960785
(28023 28031) 0.10392198430802091
(28023 28032) 1.665340033795338
(28023 28033) 1.2587305265140478
(28023 28034) 0.130069825282975
(28023 28035) 1.7743043130117264
(28023 28036) 0.9999999999999998
(28023 28037) 0.9144426611368345
(28023 28038) 1.272363348006337
(28023 28039) 1.0234098775654012
(28023 28040) 1.5463160576085802
(28023 28041) 1.2322049979086858
(28023 28042) 0.4168883604072798
(28023 28043) 1.4917083886741496
(28024 28001) 0.5644824707083408
(28024 28002) 0.41760273090549604
(28024 28003) 1.4392284333643397
(28024 28004) 1.2604854468509528
(28024 28005) 0.5301863333277245
(28024 28006) 0.46379343782760496
(28024 28007) 0.6353057582398597
(28024 28008) 1.2060620875091665
(28024 28009) 1.4025249267799433
(28024 28010) 0.7462892249501376
(28024 28011) 1.296049272112092
(28024 28012) 1.0221614139355437
(28024 28013) 1.1393473467981274
(28024 28014) 0.7911045031942118
(28024 28015) 0.6736123080830456
(28024 28016) 0.758940489458306
(28024 28017) 1.1442676123887177
(28024 28018) 0.5731369582740851
(28024 28019) 0.9182593892696176
(28024 28020) 1.6051745858639037
(28024 28021) 0.8673641503158527
(28024 28022) 1.1058353707083188
(28024 28023) 0.9475614521851511
(28024 28024) 0.0
(28024 28025) 0.7460656199357208
(28024 28026) 0.502399943267608
(28024 28027) 1.0461637598442963
(28024 28028) 0.21336414353566283
(28024 28029) 0.32054560459053094
(28024 28030) 0.8115204554330694
(28024 28031) 0.9410208271940876
(28024 28032) 1.2373055022332482
(28024 28033) 0.7747611510595476
(28024 28034) 0.8851304295257156
(28024 28035) 1.6838675847470692
(28024 28036) 0.9999999999999999
(28024 28037) 0.7818293807034726
(28024 28038) 0.9422185358269463
(28024 28039) 0.46755942505361053
(28024 28040) 1.0986775978307868
(28024 28041) 0.8550558681905607
(28024 28042) 0.5793190497844973
(28024 28043) 1.0728367390729832
(28025 28001) 0.8085846865433342
(28025 28002) 0.72121781722468
(28025 28003) 1.6640164194884015
(28025 28004) 1.6162552728493025
(28025 28005) 0.6571730261714364
(28025 28006) 0.7640893539030095
(28025 28007) 0.6549817729389231
(28025 28008) 0.912347927840078
(28025 28009) 1.600366521110174
(28025 28010) 0.6627216199178061
(28025 28011) 1.6340739591415525
(28025 28012) 1.0717080108449089
(28025 28013) 1.0049286982989796
(28025 28014) 0.5224061165500129
(28025 28015) 0.8856014649934549
(28025 28016) 0.3661482214159524
(28025 28017) 1.4615908526544725
(28025 28018) 0.5815939237489749
(28025 28019) 0.6506979525017837
(28025 28020) 1.7574303266699172
(28025 28021) 0.9237209369387891
(28025 28022) 1.264990833016456
(28025 28023) 0.784906484641638
(28025 28024) 0.7460656199357208
(28025 28025) 0.0
(28025 28026) 0.5423368113115555
(28025 28027) 1.1270022620372562
(28025 28028) 0.8510112812178938
(28025 28029) 0.549805606864087
(28025 28030) 0.5851858920862703
(28025 28031) 0.7404953818659444
(28025 28032) 1.448739520402245
(28025 28033) 0.8428700296661273
(28025 28034) 0.6834310315277914
(28025 28035) 1.4209983842105367
(28025 28036) 0.9999999999999999
(28025 28037) 0.5320757942306149
(28025 28038) 0.6832606855976195
(28025 28039) 0.6401412399564681
(28025 28040) 1.1756223748189623
(28025 28041) 0.666812182433675
(28025 28042) 0.5735693327554047
(28025 28043) 1.305405049175087
(28026 28001) 0.7205249980408845
(28026 28002) 0.6349411411976584
(28026 28003) 1.5277302583017098
(28026 28004) 1.3537993396729722
(28026 28005) 0.26996904241143194
(28026 28006) 0.5916774451254941
(28026 28007) 0.8541360217175524
(28026 28008) 0.7036621442415586
(28026 28009) 1.5056597827164122
(28026 28010) 0.5437219349739951
(28026 28011) 1.3416439344220081
(28026 28012) 1.173493342735216
(28026 28013) 1.1969973477382778
(28026 28014) 0.595382713394969
(28026 28015) 0.9049903975310195
(28026 28016) 0.3740305030627612
(28026 28017) 1.1873559407616328
(28026 28018) 0.3517806758322129
(28026 28019) 0.5256153513355519
(28026 28020) 1.7162093236764258
(28026 28021) 1.051794885333844
(28026 28022) 1.2391672550889894
(28026 28023) 0.5705998824880641
(28026 28024) 0.502399943267608
(28026 28025) 0.5423368113115555
(28026 28026) 0.0
(28026 28027) 1.2066497307258965
(28026 28028) 0.526363539980596
(28026 28029) 0.3747395947663328
(28026 28030) 0.38690652563603783
(28026 28031) 0.4666778981800433
(28026 28032) 1.3763816606995756
(28026 28033) 0.9306652175349568
(28026 28034) 0.4619827081398118
(28026 28035) 1.7706992514993838
(28026 28036) 1.0
(28026 28037) 0.8374641365792688
(28026 28038) 1.1299961434124415
(28026 28039) 0.7409288579949602
(28026 28040) 1.258355007189254
(28026 28041) 0.9955189134162395
(28026 28042) 0.1537115220807844
(28026 28043) 1.194478907314626
(28027 28001) 0.7822498473368009
(28027 28002) 0.8934545332895427
(28027 28003) 0.9271852953642902
(28027 28004) 0.8748447889941423
(28027 28005) 1.2679943333830463
(28027 28006) 0.6251315129748553
(28027 28007) 0.8078897788875887
(28027 28008) 1.7128198267366515
(28027 28009) 0.8849942619094339
(28027 28010) 1.4842678780882628
(28027 28011) 0.9145015922457812
(28027 28012) 0.9681517402962957
(28027 28013) 1.5163428454817542
(28027 28014) 1.415284567951952
(28027 28015) 0.7505532148243853
(28027 28016) 1.3102876403492048
(28027 28017) 0.7928862128688564
(28027 28018) 1.347663052277448
(28027 28019) 1.4330460558134817
(28027 28020) 1.9137013719072293
(28027 28021) 0.7130748871555048
(28027 28022) 0.4983200098109661
(28027 28023) 1.5271903430822475
(28027 28024) 1.0461637598442963
(28027 28025) 1.1270022620372562
(28027 28026) 1.2066497307258965
(28027 28027) 0.0
(28027 28028) 1.0400535652430678
(28027 28029) 1.2151176937861028
(28027 28030) 1.4174907004120458
(28027 28031) 1.447778566421573
(28027 28032) 0.6670179496588025
(28027 28033) 0.37669974078459817
(28027 28034) 1.4026369137539154
(28027 28035) 1.1020559550657225
(28027 28036) 0.9999999999999999
(28027 28037) 1.2905208639901753
(28027 28038) 0.943863609388632
(28027 28039) 1.146840771280466
(28027 28040) 0.4764966298401893
(28027 28041) 0.7384115803729493
(28027 28042) 1.2353405064684306
(28027 28043) 0.561280700055523
(28028 28001) 0.552347304458427
(28028 28002) 0.45335754030696407
(28028 28003) 1.4069752801404596
(28028 28004) 1.2063329860509724
(28028 28005) 0.637366579464579
(28028 28006) 0.46537346112804867
(28028 28007) 0.7035811739937723
(28028 28008) 1.2300256842221546
(28028 28009) 1.3851781551194404
(28028 28010) 0.9021161855514042
(28028 28011) 1.2250189842351353
(28028 28012) 1.0866504492759188
(28028 28013) 1.1879940612625393
(28028 28014) 0.8604816538203791
(28028 28015) 0.6755374588448593
(28028 28016) 0.8344464627833849
(28028 28017) 1.07613298665944
(28028 28018) 0.710174926409622
