!n: Number of areas
n: 60
!I: Set if areas
I: [29001 29002 29003 29004 29005 29006 29007 29008 29009 29010 29011 29012 29013 29014 29015 29016 29017 29018 29019 29020 29021 29022 29023 29024 29025 29026 29027 29028 29029 29030 29031 29032 29033 29034 29035 29036 29037 29038 29039 29040 29041 29042 29043 29044 29045 29046 29047 29048 29049 29050 29051 29052 29053 29054 29055 29056 29057 29058 29059 29060 ]
!p: Number of regions
p: 15
!K: Set of regions
K: [1 2 3 4 5 6 7 8 9 10 11 12 13 14 15 ]
!N: Node Neighbor Set
N: [
(29001) [29002 29005 29018 29026 29033 29040 29043]
(29002) [29001 29010 29018 29033 29040 29043]
(29003) [29011 29031 29034]
(29004) [29007 29008 29013 29030]
(29005) [29001 29011 29026 29031 29038 29039 29040 29043]
(29006) [29020 29021]
(29007) [29004 29008]
(29008) [29004 29007 29013]
(29009) [29018 29026 29038 29052]
(29010) [29002 29018 29033 29048 29050 29052]
(29011) [29003 29005 29014 29031 29034 29040 29055]
(29012) [29014 29015 29020 29021]
(29013) [29004 29008 29016 29028 29030 29035 29037 29038 29039 29050 29052]
(29014) [29011 29012 29015 29020 29024 29034 29040 29045 29055]
(29015) [29012 29014 29019 29024 29056]
(29016) [29013 29037]
(29017) [29022 29025 29041]
(29018) [29001 29002 29009 29010 29026 29052]
(29019) [29015 29023]
(29020) [29006 29012 29014 29021 29045]
(29021) [29006 29012 29020]
(29022) [29017 29025 29028 29029 29041 29059]
(29023) [29019 29032 29049 29056 29057]
(29024) [29014 29015 29033 29036 29040 29049 29056]
(29025) [29017 29022 29027 29028 29041]
(29026) [29001 29005 29009 29018 29038]
(29027) [29025 29041]
(29028) [29013 29022 29025 29029 29048 29050 29060]
(29029) [29022 29028 29033 29044 29051 29053 29059 29060]
(29030) [29004 29013 29031 29039 29046 29047]
(29031) [29003 29005 29011 29030 29034 29039 29047]
(29032) [29023 29033 29044 29049 29051 29053 29054 29057]
(29033) [29001 29002 29010 29024 29029 29032 29036 29040 29048 29049 29051 29060]
(29034) [29003 29011 29014 29031 29045 29046 29047]
(29035) [29013 29038 29039]
(29036) [29024 29033 29040]
(29037) [29013 29016]
(29038) [29005 29009 29013 29026 29035 29039 29052]
(29039) [29005 29013 29030 29031 29035 29038]
(29040) [29001 29002 29005 29011 29014 29024 29033 29036 29043 29055]
(29041) [29017 29022 29025 29027 29042 29058 29059]
(29042) [29041 29044 29058]
(29043) [29001 29002 29005 29040]
(29044) [29029 29032 29042 29053 29054 29058 29059]
(29045) [29014 29020 29034]
(29046) [29030 29034 29047]
(29047) [29030 29031 29034 29046]
(29048) [29010 29028 29033 29050 29060]
(29049) [29023 29024 29032 29033 29056 29057]
(29050) [29010 29013 29028 29048 29052]
(29051) [29029 29032 29033 29053]
(29052) [29009 29010 29013 29018 29038 29050]
(29053) [29029 29032 29044 29051 29054]
(29054) [29032 29044 29053]
(29055) [29011 29014 29040]
(29056) [29015 29023 29024 29049]
(29057) [29023 29032 29049]
(29058) [29041 29042 29044 29059]
(29059) [29022 29029 29041 29044 29058]
(29060) [29028 29029 29033 29048]
]
!d(i,j): distance list
d: [
(29001 29001) 0.0
(29001 29002) 0.523149425663097
(29001 29003) 0.9395139516227298
(29001 29004) 0.8162343820358201
(29001 29005) 0.9521605121145071
(29001 29006) 0.5735434120475179
(29001 29007) 0.7074086834706298
(29001 29008) 1.093756526238132
(29001 29009) 0.3556416770208734
(29001 29010) 0.2983031189500935
(29001 29011) 0.5771758691622899
(29001 29012) 0.407436082434413
(29001 29013) 1.0984587398909034
(29001 29014) 0.896772690117896
(29001 29015) 1.0326949048045542
(29001 29016) 0.26834504705789997
(29001 29017) 0.5592183053093166
(29001 29018) 1.1202200752502833
(29001 29019) 1.2253785145954768
(29001 29020) 0.35192980345058655
(29001 29021) 0.9833859147811358
(29001 29022) 0.8484567959006999
(29001 29023) 0.7859465851293929
(29001 29024) 1.1629553775709398
(29001 29025) 0.2810709504171937
(29001 29026) 0.6486461646044939
(29001 29027) 0.23507973616187036
(29001 29028) 1.2873016045671295
(29001 29029) 0.4062285728880868
(29001 29030) 0.4926537183194656
(29001 29031) 1.276245100612647
(29001 29032) 0.9359902471163221
(29001 29033) 0.6641044693172081
(29001 29034) 1.0405569608719578
(29001 29035) 0.8494220575667547
(29001 29036) 0.9376801301550449
(29001 29037) 1.2792364191147374
(29001 29038) 1.191698571740428
(29001 29039) 1.1036700720571333
(29001 29040) 0.5717212844243671
(29001 29041) 1.2583751491957453
(29001 29042) 1.26762666276361
(29001 29043) 0.8241707600258265
(29001 29044) 0.3990542560558369
(29001 29045) 0.4147713977076804
(29001 29046) 0.7793093528776516
(29001 29047) 0.3317701270048208
(29001 29048) 1.1969686654088467
(29001 29049) 0.23288996475330365
(29001 29050) 0.2773496803800766
(29001 29051) 0.385136515804631
(29001 29052) 0.9849372211408537
(29001 29053) 0.8529185262802985
(29001 29054) 0.7727791377861585
(29001 29055) 0.5260085014159492
(29001 29056) 0.25465043135926474
(29001 29057) 0.643047066205737
(29001 29058) 0.3475601151406589
(29001 29059) 1.191078554439464
(29001 29060) 1.3002275233639062
(29002 29001) 0.523149425663097
(29002 29002) 0.0
(29002 29003) 1.181424632212689
(29002 29004) 1.0047248391514716
(29002 29005) 1.148967065378237
(29002 29006) 0.7721494620569959
(29002 29007) 0.9567869069659465
(29002 29008) 1.3020001938832817
(29002 29009) 0.6564462891236447
(29002 29010) 0.40342953005427057
(29002 29011) 0.6529983413567942
(29002 29012) 0.7432242548367227
(29002 29013) 1.324596253464032
(29002 29014) 1.1384126403853994
(29002 29015) 1.2773034199792865
(29002 29016) 0.5598925014404214
(29002 29017) 0.8362242365838822
(29002 29018) 1.359076334111923
(29002 29019) 1.462745675857807
(29002 29020) 0.6192665615651896
(29002 29021) 1.2234813827970337
(29002 29022) 0.4412631341323381
(29002 29023) 1.1089705972211632
(29002 29024) 1.215052417504752
(29002 29025) 0.6670539390709347
(29002 29026) 0.8752768299644798
(29002 29027) 0.519074303180045
(29002 29028) 1.5247627195003957
(29002 29029) 0.3438279148870039
(29002 29030) 0.4124616469820628
(29002 29031) 1.514379199805764
(29002 29032) 1.237706749388482
(29002 29033) 0.7924417762698811
(29002 29034) 1.242719961954585
(29002 29035) 0.6467384882403314
(29002 29036) 1.0085914239440221
(29002 29037) 1.5165808896590345
(29002 29038) 1.3921216777496312
(29002 29039) 1.281605421363313
(29002 29040) 0.3754405300721854
(29002 29041) 1.4940929275282828
(29002 29042) 1.5238470912519013
(29002 29043) 0.941200092356621
(29002 29044) 0.5026917814993132
(29002 29045) 0.5181629271045567
(29002 29046) 0.9894211630743901
(29002 29047) 0.613264882384499
(29002 29048) 1.3517339081158952
(29002 29049) 0.5828374105891722
(29002 29050) 0.6282851867237265
(29002 29051) 0.7609349413753811
(29002 29052) 1.0351420470063752
(29002 29053) 1.0612435522055024
(29002 29054) 0.9169082125557265
(29002 29055) 0.8430546845432935
(29002 29056) 0.4793309178358922
(29002 29057) 0.7517293232466189
(29002 29058) 0.7189572710374511
(29002 29059) 1.442936463231932
(29002 29060) 1.536104695832802
(29003 29001) 0.9395139516227298
(29003 29002) 1.181424632212689
(29003 29003) 0.0
(29003 29004) 0.2000409026327241
(29003 29005) 0.3989832571597108
(29003 29006) 0.9236061137844745
(29003 29007) 0.2887353225866694
(29003 29008) 0.24331359941107664
(29003 29009) 1.0335822316270622
(29003 29010) 1.0706610199188968
(29003 29011) 1.1066971314607124
(29003 29012) 0.6798646128141868
(29003 29013) 0.2520962705920682
(29003 29014) 0.196855502697251
(29003 29015) 0.24097408477792537
(29003 29016) 1.0037074951266414
(29003 29017) 0.6405779529916071
(29003 29018) 0.2808493662286845
(29003 29019) 0.3546661883995237
(29003 29020) 0.7863975609614479
(29003 29021) 0.21223128357351195
(29003 29022) 1.4782414030906639
(29003 29023) 0.4882821634520069
(29003 29024) 1.4804442704144984
(29003 29025) 0.7437930616784447
(29003 29026) 1.057713895880105
(29003 29027) 1.0079209817425034
(29003 29028) 0.39708077243675366
(29003 29029) 1.0624871262336804
(29003 29030) 1.0859058141084144
(29003 29031) 0.3859697390818512
(29003 29032) 0.5230476167222604
(29003 29033) 1.1537774834288537
(29003 29034) 0.24467543021757265
(29003 29035) 1.6127429857320692
(29003 29036) 1.377407696607559
(29003 29037) 0.3701898611664564
(29003 29038) 0.3735458424314124
(29003 29039) 0.2742429664672508
(29003 29040) 1.3270482889441637
(29003 29041) 0.3685008448776969
(29003 29042) 0.40234011851043183
(29003 29043) 1.0121568803830954
(29003 29044) 1.2136101965310018
(29003 29045) 1.1752796856733494
(29003 29046) 0.31147418309345665
(29003 29047) 0.9485742872120543
(29003 29048) 0.3403660483994238
(29003 29049) 0.9210497417375701
(29003 29050) 0.7648608673641271
(29003 29051) 0.9551268522846555
(29003 29052) 1.2595603679719547
(29003 29053) 0.27567031113799206
(29003 29054) 1.6127429857320694
(29003 29055) 0.42637727962395766
(29003 29056) 1.0691277337447032
(29003 29057) 1.1626476638373635
(29003 29058) 0.973012737490688
(29003 29059) 0.3920862075224802
(29003 29060) 0.4053075912581884
(29004 29001) 0.8162343820358201
(29004 29002) 1.0047248391514716
(29004 29003) 0.2000409026327241
(29004 29004) 0.0
(29004 29005) 0.24176293900631599
(29004 29006) 0.7363972598618933
(29004 29007) 0.16413772593890608
(29004 29008) 0.3584989612306576
(29004 29009) 0.9519073545887778
(29004 29010) 0.8706201172861725
(29004 29011) 0.9275995365492641
(29004 29012) 0.5939217935715035
(29004 29013) 0.38375380051550706
(29004 29014) 0.2366633703652328
(29004 29015) 0.35375478722498743
(29004 29016) 0.828245167745146
(29004 29017) 0.44206649039473467
(29004 29018) 0.4200988755607601
(29004 29019) 0.5151270790657212
(29004 29020) 0.6002559747540395
(29004 29021) 0.2933992537448903
(29004 29022) 1.369224130891423
(29004 29023) 0.40398895378729793
(29004 29024) 1.3182957985500543
(29004 29025) 0.5933380960231707
(29004 29026) 0.8744174903221773
(29004 29027) 0.8392598214009398
(29004 29028) 0.5624934448843318
(29004 29029) 0.9871150616768145
(29004 29030) 0.8960224305151006
(29004 29031) 0.5564577535342407
(29004 29032) 0.3984182354761491
(29004 29033) 0.9829818100323524
(29004 29034) 0.3135125622503157
(29004 29035) 1.4276475190976834
(29004 29036) 1.2071459604012278
(29004 29037) 0.5488653056108956
(29004 29038) 0.4396896381732842
(29004 29039) 0.32995806650785575
(29004 29040) 1.2452815732428
(29004 29041) 0.5357282352727158
(29004 29042) 0.5637571487300168
(29004 29043) 0.8624370951852727
(29004 29044) 1.0156901689843127
(29004 29045) 0.9768630324398091
(29004 29046) 0.18635174352037637
(29004 29047) 0.7999979705396351
(29004 29048) 0.42746723487402977
(29004 29049) 0.7281821425021258
(29004 29050) 0.591107065450015
(29004 29051) 0.8681912488739085
(29004 29052) 1.1178986100432515
(29004 29053) 0.17064361021917873
(29004 29054) 1.4273425783392024
(29004 29055) 0.3328887633800386
(29004 29056) 0.8753896435933975
(29004 29057) 0.9630516265867458
(29004 29058) 0.8807671057665862
(29004 29059) 0.5286813705499028
(29004 29060) 0.5690431885409969
(29005 29001) 0.9521605121145071
(29005 29002) 1.148967065378237
(29005 29003) 0.3989832571597108
(29005 29004) 0.24176293900631599
(29005 29005) 0.0
(29005 29006) 0.742500544513265
(29005 29007) 0.2883826345594953
(29005 29008) 0.3422926646524035
(29005 29009) 1.1344136596515726
(29005 29010) 0.9142376336965957
(29005 29011) 1.1027239091801853
(29005 29012) 0.7663044787223169
(29005 29013) 0.34129242276845684
(29005 29014) 0.26474592391860985
(29005 29015) 0.32345282011549764
(29005 29016) 0.9993225009024673
(29005 29017) 0.6439753516100422
(29005 29018) 0.39915535833075294
(29005 29019) 0.5030154559088956
(29005 29020) 0.8031903693121637
(29005 29021) 0.22766120004294685
(29005 29022) 1.5416068160422363
(29005 29023) 0.46130981199660526
(29005 29024) 1.254811157039365
(29005 29025) 0.6983946134543673
(29005 29026) 0.9282272724593336
(29005 29027) 1.006261883526078
(29005 29028) 0.5649385458805483
(29005 29029) 1.1674125779492357
(29005 29030) 1.1143358039344198
(29005 29031) 0.5623796499317606
(29005 29032) 0.3546815708111052
(29005 29033) 1.057890401947714
(29005 29034) 0.26678783004487405
(29005 29035) 1.6013778151895235
(29005 29036) 1.344383087561082
(29005 29037) 0.5568733604281562
(29005 29038) 0.4038364027185242
(29005 29039) 0.2945237780381982
(29005 29040) 1.4005075011946044
(29005 29041) 0.5312959396012269
(29005 29042) 0.5656093680505304
(29005 29043) 1.004840972020907
(29005 29044) 1.0042700184912898
(29005 29045) 1.1541961938611043
(29005 29046) 0.3254092175155577
(29005 29047) 0.9943875221360601
(29005 29048) 0.40878056648245775
(29005 29049) 0.8854012636494831
(29005 29050) 0.743074054080401
(29005 29051) 1.053600636217047
(29005 29052) 1.2440448677423621
(29005 29053) 0.19986019936088936
(29005 29054) 1.5753069926204561
(29005 29055) 0.5392485525480428
(29005 29056) 1.0371647856762378
(29005 29057) 1.1408015647230705
(29005 29058) 1.0539645031686924
(29005 29059) 0.5351897753012662
(29005 29060) 0.576397166601924
(29006 29001) 0.5735434120475179
(29006 29002) 0.7721494620569959
(29006 29003) 0.9236061137844745
(29006 29004) 0.7363972598618933
(29006 29005) 0.742500544513265
(29006 29006) 0.0
(29006 29007) 0.7200623667259116
(29006 29008) 1.0441816754550675
(29006 29009) 0.7435467575214612
(29006 29010) 0.48024244289736073
(29006 29011) 0.5584471070464653
(29006 29012) 0.60885533410426
(29006 29013) 1.0542076532431528
(29006 29014) 0.8715197761641325
(29006 29015) 1.0105616776846582
(29006 29016) 0.6078934731367555
(29006 29017) 0.5470738862999099
(29006 29018) 1.100940448158339
(29006 29019) 1.2049044667115596
(29006 29020) 0.5671134788527422
(29006 29021) 0.871008185681155
(29006 29022) 1.1408680643955336
(29006 29023) 0.8363042166031909
(29006 29024) 0.7793161550078344
(29006 29025) 0.4907161720638358
(29006 29026) 0.5007437607901976
(29006 29027) 0.6118802095561728
(29006 29028) 1.2668275566832123
(29006 29029) 0.7742903552710151
(29006 29030) 0.5977559563505417
(29006 29031) 1.269008415015483
(29006 29032) 0.9986604371186184
(29006 29033) 0.7697882072466325
(29006 29034) 0.9690735754362548
(29006 29035) 1.0551529373489426
(29006 29036) 0.878631332385362
(29006 29037) 1.2587623712308205
(29006 29038) 1.0971919441113172
(29006 29039) 0.9504777093840886
(29006 29040) 1.0188276295076453
(29006 29041) 1.236218204933322
(29006 29042) 1.2794092749486068
(29006 29043) 0.5892503137867797
(29006 29044) 0.6070839753688652
(29006 29045) 0.6190484532438514
(29006 29046) 0.6679544518874079
(29006 29047) 0.5767799827222799
(29006 29048) 1.1257965859680799
(29006 29049) 0.4929342229699798
(29006 29050) 0.5068241919188551
(29006 29051) 0.6602235327444738
(29006 29052) 0.8722138410889609
(29006 29053) 0.7735652932718639
(29006 29054) 1.0459526171748772
(29006 29055) 0.6687295164832531
(29006 29056) 0.6226975211300131
(29006 29057) 0.6683962095392122
(29006 29058) 0.6530811024215953
(29006 29059) 1.2036670612196325
(29006 29060) 1.2797534754799893
(29007 29001) 0.7074086834706298
(29007 29002) 0.9567869069659465
(29007 29003) 0.2887353225866694
(29007 29004) 0.16413772593890608
(29007 29005) 0.2883826345594953
(29007 29006) 0.7200623667259116
(29007 29007) 0.0
(29007 29008) 0.4071220931638507
(29007 29009) 0.8497933479260179
(29007 29010) 0.8110040380409494
(29007 29011) 0.9033456486949915
(29007 29012) 0.4898814548752902
(29007 29013) 0.4365208386385068
(29007 29014) 0.2339321385389388
(29007 29015) 0.37351477288616963
(29007 29016) 0.7288977515149025
(29007 29017) 0.42279059363581684
(29007 29018) 0.45752385170734605
(29007 29019) 0.5604781602571629
(29007 29020) 0.5773569194223342
(29007 29021) 0.31801574135027727
(29007 29022) 1.282237366408482
(29007 29023) 0.29100584479699954
(29007 29024) 1.200467517159628
(29007 29025) 0.4804806150686277
(29007 29026) 0.8004744503776536
(29007 29027) 0.7310701011333086
(29007 29028) 0.6226124504441978
(29007 29029) 0.8847286812553825
(29007 29030) 0.8865302435951755
(29007 29031) 0.6203498028885428
(29007 29032) 0.2996133595357833
(29007 29033) 0.8769266028196585
(29007 29034) 0.3437432113525609
(29007 29035) 1.3487718388160044
(29007 29036) 1.1350378696951517
(29007 29037) 0.613866245683879
(29007 29038) 0.5278560234595581
(29007 29039) 0.3983174637030302
(29007 29040) 1.1429676387171712
(29007 29041) 0.5939587605982578
(29007 29042) 0.6331041064906703
(29007 29043) 0.8941515094895052
(29007 29044) 0.938731702509578
(29007 29045) 0.9048457249426126
(29007 29046) 0.13155351212133168
(29007 29047) 0.7418256533398043
(29007 29048) 0.4898293278070954
(29007 29049) 0.6502292998511217
(29007 29050) 0.4880099867549321
(29007 29051) 0.7705942213976393
(29007 29052) 1.046895455304046
(29007 29053) 0.17000387142191664
(29007 29054) 1.3442947385255075
(29007 29055) 0.2730911383312696
(29007 29056) 0.7983072918582546
(29007 29057) 0.8922137031066268
(29007 29058) 0.7674409762375356
(29007 29059) 0.5257083810086054
(29007 29060) 0.6348573499330478
(29008 29001) 1.093756526238132
(29008 29002) 1.3020001938832817
(29008 29003) 0.24331359941107664
(29008 29004) 0.3584989612306576
(29008 29005) 0.3422926646524035
(29008 29006) 1.0441816754550675
(29008 29007) 0.4071220931638507
(29008 29008) 0.0
(29008 29009) 1.2093935601200898
(29008 29010) 1.1912365815894896
(29008 29011) 1.2377242829627115
(29008 29012) 0.8563860098382838
(29008 29013) 0.042887656984750375
(29008 29014) 0.2423449183182189
(29008 29015) 0.0704737919794629
(29008 29016) 1.1324015643122693
(29008 29017) 0.7876856637456443
(29008 29018) 0.08125304696827457
(29008 29019) 0.16678180319507546
(29008 29020) 0.9339333759872436
(29008 29021) 0.2428498800633141
(29008 29022) 1.6316883471582033
(29008 29023) 0.5644390874486943
(29008 29024) 1.533474857162045
(29008 29025) 0.8649693502077918
(29008 29026) 1.1861260008064223
(29008 29027) 1.1363330866688206
(29008 29028) 0.22343010756581866
(29008 29029) 1.2390085232577772
(29008 29030) 1.2422254216336588
(29008 29031) 0.22704649981480365
(29008 29032) 0.4394469936346092
(29008 29033) 1.2743530450994465
(29008 29034) 0.08212376121350307
(29008 29035) 1.7418651591894558
(29008 29036) 1.499888236322764
(29008 29037) 0.21499928060529525
(29008 29038) 0.13969824035426584
(29008 29039) 0.13879149052289758
(29008 29040) 1.5318316545487216
(29008 29041) 0.19888311342184756
(29008 29042) 0.2422231579673153
(29008 29043) 1.137328808035105
(29008 29044) 1.3356488557209905
(29008 29045) 1.3039737548589776
(29008 29046) 0.44192400549065897
(29008 29047) 1.1109023101111615
(29008 29048) 0.11358997105681531
(29008 29049) 1.0501719151949567
(29008 29050) 0.8854364290347199
(29008 29051) 1.160334074130179
(29008 29052) 1.3886825414293416
(29008 29053) 0.2953998491152871
(29008 29054) 1.7427781044436879
(29008 29055) 0.6196893044311622
(29008 29056) 1.1982499072020896
(29008 29057) 1.2913417330229917
(29008 29058) 1.148542101724405
(29008 29059) 0.2157924943113399
(29008 29060) 0.23774872769436584
(29009 29001) 0.3556416770208734
(29009 29002) 0.6564462891236447
(29009 29003) 1.0335822316270622
(29009 29004) 0.9519073545887778
(29009 29005) 1.1344136596515726
(29009 29006) 0.7435467575214612
(29009 29007) 0.8497933479260179
(29009 29008) 1.2093935601200898
(29009 29009) 0.0
(29009 29010) 0.4768584513263186
(29009 29011) 0.6176978643216079
(29009 29012) 0.4273493702608169
(29009 29013) 1.2311780188636727
(29009 29014) 1.0367979197194612
(29009 29015) 1.1593263990724834
(29009 29016) 0.19207932940229971
(29009 29017) 0.5516450105947542
(29009 29018) 1.2364786844036562
(29009 29019) 1.326912470814558
(29009 29020) 0.48974989765839105
(29009 29021) 1.1019401286747181
(29009 29022) 0.9360650757677536
(29009 29023) 0.9266537624445745
(29009 29024) 1.24745996641003
(29009 29025) 0.45786875201762633
(29009 29026) 0.49007287720735393
(29009 29027) 0.18051472359664
(29009 29028) 1.39251982528602
(29009 29029) 0.32442037728455997
(29009 29030) 0.594317850634681
(29009 29031) 1.369824605960311
(29009 29032) 0.9091063985567722
(29009 29033) 0.8568731137456496
(29009 29034) 1.1744381591320034
(29009 29035) 0.67707479509553
(29009 29036) 0.9881610102604577
(29009 29037) 1.369606820983384
(29009 29038) 1.3473340632619748
(29009 29039) 1.2217727695674898
(29009 29040) 0.555490753082148
(29009 29041) 1.3597341912509897
(29009 29042) 1.4010056901643957
(29009 29043) 0.8914692104681646
(29009 29044) 0.5169548368638897
(29009 29045) 0.4122747458337494
(29009 29046) 0.8897710755049346
(29009 29047) 0.24538410303333044
(29009 29048) 1.308656954573607
(29009 29049) 0.30289442920540627
(29009 29050) 0.4806554205776753
(29009 29051) 0.18597262237725373
(29009 29052) 1.028698938041566
(29009 29053) 1.0046465797930928
(29009 29054) 0.8073936716161905
(29009 29055) 0.6336148915074302
(29009 29056) 0.2866080140879964
(29009 29057) 0.36792248866888444
(29009 29058) 0.2592233398618754
(29009 29059) 1.2838765971314505
(29009 29060) 1.4055789792390816
(29010 29001) 0.2983031189500935
(29010 29002) 0.40342953005427057
(29010 29003) 1.0706610199188968
(29010 29004) 0.8706201172861725
(29010 29005) 0.9142376336965957
(29010 29006) 0.48024244289736073
(29010 29007) 0.8110040380409494
(29010 29008) 1.1912365815894896
(29010 29009) 0.4768584513263186
(29010 29010) 0.0
(29010 29011) 0.46842592285717294
(29010 29012) 0.553280396073612
(29010 29013) 1.1907235862495167
(29010 29014) 1.0132597560454597
(29010 29015) 1.1606878820979585
(29010 29016) 0.36354556525803694
(29010 29017) 0.6330093267519067
(29010 29018) 1.2468009335007881
(29010 29019) 1.3519593728459816
(29010 29020) 0.445256789350739
(29010 29021) 1.0350861767894883
(29010 29022) 0.7935509596790864
(29010 29023) 0.9364632077900469
(29010 29024) 0.9989545826332252
(29010 29025) 0.43415384176022276
(29010 29026) 0.553464493983777
(29010 29027) 0.3285505137276032
(29010 29028) 1.4138824628176336
(29010 29029) 0.4166106102186607
(29010 29030) 0.3212945203858687
(29010 29031) 1.4068853406185586
(29010 29032) 1.0762193789352763
(29010 29033) 0.6417209482305433
(29010 29034) 1.113463185188412
(29010 29035) 0.7416676780655554
(29010 29036) 0.8705498947766553
(29010 29037) 1.4058172773652422
(29010 29038) 1.2115105438004359
(29010 29039) 1.0950738726399367
(29010 29040) 0.6082559656592983
(29010 29041) 1.3808816185385242
(29010 29042) 1.407118849364545
(29010 29043) 0.7394947725651219
(29010 29044) 0.281738680706668
(29010 29045) 0.37420051063493726
(29010 29046) 0.7880429532727643
(29010 29047) 0.3853225526536268
(29010 29048) 1.2556730615214606
(29010 29049) 0.3504790617308421
(29010 29050) 0.41163466114550523
(29010 29051) 0.570756240401369
(29010 29052) 0.8933256160407642
(29010 29053) 0.9080720984273487
(29010 29054) 0.74920949438335
(29010 29055) 0.7010487669602787
(29010 29056) 0.22917317103476506
(29010 29057) 0.5880486170818159
(29010 29058) 0.5245498823402719
(29010 29059) 1.3176594126899688
(29010 29060) 1.42534108353901
(29011 29001) 0.5771758691622899
(29011 29002) 0.6529983413567942
(29011 29003) 1.1066971314607124
(29011 29004) 0.9275995365492641
(29011 29005) 1.1027239091801853
(29011 29006) 0.5584471070464653
(29011 29007) 0.9033456486949915
(29011 29008) 1.2377242829627115
(29011 29009) 0.6176978643216079
(29011 29010) 0.46842592285717294
(29011 29011) 0.0
(29011 29012) 0.621711007417774
(29011 29013) 1.2726340077322178
(29011 29014) 1.0772224031873185
(29011 29015) 1.2155058018242753
(29011 29016) 0.5221116136528153
(29011 29017) 0.7379623666577687
(29011 29018) 1.2989684315874497
(29011 29019) 1.3922563821578735
(29011 29020) 0.6167245241788727
(29011 29021) 1.1553028080697338
(29011 29022) 0.9922591253724931
(29011 29023) 1.0640048027660745
(29011 29024) 0.6990340805161547
(29011 29025) 0.5822639466719911
(29011 29026) 0.7071753513057398
(29011 29027) 0.5270465680982788
(29011 29028) 1.452315870188182
(29011 29029) 0.6588003409396469
(29011 29030) 0.38093773970535477
(29011 29031) 1.4546764490298671
(29011 29032) 1.1928910697224195
(29011 29033) 0.8583556385068254
(29011 29034) 1.1866050868645124
(29011 29035) 0.842984998514873
(29011 29036) 0.48816042913372526
(29011 29037) 1.4424479983429879
(29011 29038) 1.3192537717839679
(29011 29039) 1.1462273498711428
(29011 29040) 0.8508089306056871
(29011 29041) 1.4264295044345732
(29011 29042) 1.4702698323247791
(29011 29043) 0.373402552531091
(29011 29044) 0.6026099044113993
(29011 29045) 0.31605141090065714
(29011 29046) 0.8195254092638321
(29011 29047) 0.5110985694073652
(29011 29048) 1.3145087919481655
(29011 29049) 0.5054808111349975
(29011 29050) 0.5658961462836234
(29011 29051) 0.6691774223985948
(29011 29052) 0.4688534300026419
(29011 29053) 0.9680642060664657
(29011 29054) 0.8638970531208465
(29011 29055) 0.7800860826117186
(29011 29056) 0.4814398853561512
(29011 29057) 0.6087560271661874
(29011 29058) 0.6066603391864852
(29011 29059) 1.374238694726006
(29011 29060) 1.466572933621876
(29012 29001) 0.407436082434413
(29012 29002) 0.7432242548367227
(29012 29003) 0.6798646128141868
(29012 29004) 0.5939217935715035
(29012 29005) 0.7663044787223169
(29012 29006) 0.60885533410426
(29012 29007) 0.4898814548752902
(29012 29008) 0.8563860098382838
(29012 29009) 0.4273493702608169
(29012 29010) 0.553280396073612
(29012 29011) 0.621711007417774
(29012 29012) 0.0
(29012 29013) 0.8743715301577021
(29012 29014) 0.6814433295323465
(29012 29015) 0.8039929682358816
(29012 29016) 0.3420925878313773
(29012 29017) 0.38370890690003573
(29012 29018) 0.8797955033985191
(29012 29019) 0.9710644031166454
(29012 29020) 0.3800582074160019
(29012 29021) 0.7396510097144238
(29012 29022) 1.0183467180538481
(29012 29023) 0.6132410653534528
(29012 29024) 1.2446582667506088
(29012 29025) 0.209109403628781
(29012 29026) 0.6898334462837615
(29012 29027) 0.3993267384754698
(29012 29028) 1.0392290079904596
(29012 29029) 0.6005499012241391
(29012 29030) 0.6453471348347455
(29012 29031) 1.0302563515443213
(29012 29032) 0.7876357067827351
(29012 29033) 0.8648885650881891
(29012 29034) 0.8176530286854444
(29012 29035) 0.9400498360810218
(29012 29036) 1.0303554262755557
(29012 29037) 1.0160172200660629
(29012 29038) 0.9897498056266496
(29012 29039) 0.8622157100819826
(29012 29040) 0.8325831811084495
(29012 29041) 1.0075473835640703
(29012 29042) 1.0453634070169202
(29012 29043) 0.8695501155238258
(29012 29044) 0.6418915982422794
(29012 29045) 0.5643375922423604
(29012 29046) 0.5360534566920592
(29012 29047) 0.48513456699155716
(29012 29048) 0.9592288289301291
(29012 29049) 0.3909122919366103
(29012 29050) 0.2443275612283751
(29012 29051) 0.3940907792504428
(29012 29052) 1.028698938041566
(29012 29053) 0.6327411703126977
(29012 29054) 0.9328783729178826
(29012 29055) 0.30818993612929535
(29012 29056) 0.46364709151832667
(29012 29057) 0.5870994184360008
(29012 29058) 0.34648804807913514
(29012 29059) 0.9297344969817088
(29012 29060) 1.0517898594371096
(29013 29001) 1.0984587398909034
(29013 29002) 1.324596253464032
(29013 29003) 0.2520962705920682
(29013 29004) 0.38375380051550706
(29013 29005) 0.34129242276845684
(29013 29006) 1.0542076532431528
(29013 29007) 0.4365208386385068
(29013 29008) 0.042887656984750375
(29013 29009) 1.2311780188636727
(29013 29010) 1.1907235862495167
(29013 29011) 1.2726340077322178
(29013 29012) 0.8743715301577021
(29013 29013) 0.0
(29013 29014) 0.2505891984631446
(29013 29015) 0.08077413299150796
(29013 29016) 1.1615870959373
(29013 29017) 0.7991144503770418
(29013 29018) 0.08833257406148616
(29013 29019) 0.1734889484011202
(29013 29020) 0.9598374946020252
(29013 29021) 0.24519620751910365
(29013 29022) 1.6496738674776212
(29013 29023) 0.5556986978044931
(29013 29024) 1.562160241621467
(29013 29025) 0.874235640092135
(29013 29026) 1.2146588702577883
(29013 29027) 1.1639810301571965
(29013 29028) 0.22364612311209137
(29013 29029) 1.262080577658214
(29013 29030) 1.268181778827066
(29013 29031) 0.22324908615594666
(29013 29032) 0.4557680826465275
(29013 29033) 1.2742730838017322
(29013 29034) 0.09842802255595186
(29013 29035) 1.7769960336116535
(29013 29036) 1.5148552678478973
(29013 29037) 0.2155809376596995
(29013 29038) 0.15894212503295985
(29013 29039) 0.14901829614575918
(29013 29040) 1.5362122718673785
(29013 29041) 0.1924968566160998
(29013 29042) 0.2366800103671259
(29013 29043) 1.1691347584073393
(29013 29044) 1.3352869301639654
(29013 29045) 1.3375350693650103
(29013 29046) 0.48192026434118374
(29013 29047) 1.1508985689616862
(29013 29048) 0.12268576923806054
(29013 29049) 1.0714767369637022
(29013 29050) 0.9135212977874326
(29013 29051) 1.1772531484454347
(29013 29052) 1.415073897279105
(29013 29053) 0.3206415445813806
(29013 29054) 1.7628561451621991
(29013 29055) 0.6293075349227777
(29013 29056) 1.220563985518152
(29013 29057) 1.324903047529024
(29013 29058) 1.16552199064628
(29013 29059) 0.22238093526291386
(29013 29060) 0.23664396002699617
(29014 29001) 0.896772690117896
(29014 29002) 1.1384126403853994
(29014 29003) 0.196855502697251
(29014 29004) 0.2366633703652328
(29014 29005) 0.26474592391860985
(29014 29006) 0.8715197761641325
(29014 29007) 0.2339321385389388
(29014 29008) 0.2423449183182189
(29014 29009) 1.0367979197194612
(29014 29010) 1.0132597560454597
(29014 29011) 1.0772224031873185
(29014 29012) 0.6814433295323465
(29014 29013) 0.2505891984631446
(29014 29014) 0.0
(29014 29015) 0.1926548573066995
(29014 29016) 0.9572970678792813
(29014 29017) 0.6438001758998716
(29014 29018) 0.27796263264313364
(29014 29019) 0.3812601848809868
(29014 29020) 0.8021993044102719
(29014 29021) 0.159143429418636
(29014 29022) 1.456745666852266
(29014 29023) 0.41321733190317933
(29014 29024) 1.3574605598207972
(29014 29025) 0.6863917978050078
(29014 29026) 1.0125727794677881
(29014 29027) 0.9554825806819721
(29014 29028) 0.4433944750680218
(29014 29029) 1.0713325581939714
(29014 29030) 1.1046198326950787
(29014 29031) 0.441532522367221
(29014 29032) 0.37226943456883643
(29014 29033) 1.0963762195554168
(29014 29034) 0.189152144593881
(29014 29035) 1.5730619643185328
(29014 29036) 1.3423065895057227
(29014 29037) 0.4346482703077029
(29014 29038) 0.37601655575455
(29014 29039) 0.24751332802594783
(29014 29040) 1.3064249608075957
(29014 29041) 0.4147407852220818
(29014 29042) 0.4553585922920556
(29014 29043) 1.0386136835221633
(29014 29044) 1.1604173540747704
(29014 29045) 1.1332450413069914
(29014 29046) 0.26814433984397196
(29014 29047) 0.9155763965899796
(29014 29048) 0.3383905549569418
(29014 29049) 0.8692782217320253
(29014 29050) 0.7112501995769647
(29014 29051) 0.9291473539018335
(29014 29052) 1.219092717017605
(29014 29053) 0.11580712602608302
(29014 29054) 1.5622718940837044
(29014 29055) 0.4774408894815412
(29014 29056) 1.0173562137391583
(29014 29057) 1.1206130194710053
(29014 29058) 0.9647532889237503
(29014 29059) 0.387924419717752
(29014 29060) 0.45563937455687165
(29015 29001) 1.0326949048045542
(29015 29002) 1.2773034199792865
(29015 29003) 0.24097408477792537
(29015 29004) 0.35375478722498743
(29015 29005) 0.32345282011549764
(29015 29006) 1.0105616776846582
(29015 29007) 0.37351477288616963
(29015 29008) 0.0704737919794629
(29015 29009) 1.1593263990724834
(29015 29010) 1.1606878820979585
(29015 29011) 1.2155058018242753
(29015 29012) 0.8039929682358816
(29015 29013) 0.08077413299150796
(29015 29014) 0.1926548573066995
(29015 29015) 0.0
(29015 29016) 1.1020107215127433
(29015 29017) 0.7653630578164942
(29015 29018) 0.09820879041894276
(29015 29019) 0.19773358082544454
(29015 29020) 0.9137173312834612
(29015 29021) 0.18998581071083975
(29015 29022) 1.587050073454226
(29015 29023) 0.5187229586473385
(29015 29024) 1.50247887319714
(29015 29025) 0.8301601955719481
(29015 29026) 1.1547950717501148
(29015 29027) 1.1029289792730044
(29015 29028) 0.2596566707970971
(29015 29029) 1.1913139949593905
(29015 29030) 1.225930691114254
(29015 29031) 0.26055396094393585
(29015 29032) 0.4112357610908006
(29015 29033) 1.2442373796501744
(29015 29034) 0.06711077354881465
(29015 29035) 1.7169201580368403
(29015 29036) 1.4766318117786579
(29015 29037) 0.25159148534470516
(29015 29038) 0.20415834689237705
(29015 29039) 0.14750884950978782
(29015 29040) 1.4687804663529995
(29015 29041) 0.22977564897124153
(29015 29042) 0.2753774282967556
(29015 29043) 1.1551010885713289
(29015 29044) 1.3056546309949444
(29015 29045) 1.2779586949404533
(29015 29046) 0.4225588845710797
(29015 29047) 1.0915371891915824
(29015 29048) 0.17365563453528143
(29015 29049) 1.01914044054836
(29015 29050) 0.8553207635854476
(29015 29051) 1.100996726679219
(29015 29052) 1.3623495800867598
(29015 29053) 0.2643683744686902
(29015 29054) 1.7107979430787394
(29015 29055) 0.5756512442812468
(29015 29056) 1.1672184325554926
(29015 29057) 1.2653266731044677
(29015 29058) 1.0924738533894718
(29015 29059) 0.21377256997446784
(29015 29060) 0.27275867436315443
(29016 29001) 0.26834504705789997
(29016 29002) 0.5598925014404214
(29016 29003) 1.0037074951266414
(29016 29004) 0.828245167745146
(29016 29005) 0.9993225009024673
(29016 29006) 0.6078934731367555
(29016 29007) 0.7288977515149025
(29016 29008) 1.1324015643122693
(29016 29009) 0.19207932940229971
(29016 29010) 0.36354556525803694
(29016 29011) 0.5221116136528153
(29016 29012) 0.3420925878313773
(29016 29013) 1.1615870959373
(29016 29014) 0.9572970678792813
(29016 29015) 1.1020107215127433
(29016 29016) 0.0
(29016 29017) 0.5131202071088959
(29016 29018) 1.184493745184225
(29016 29019) 1.2862969470599686
(29016 29020) 0.39088530849226516
(29016 29021) 1.0430132482393852
(29016 29022) 0.9082349562873784
(29016 29023) 0.842485065963134
(29016 29024) 1.1446511561996073
(29016 29025) 0.34196979657540466
(29016 29026) 0.5032326473974204
(29016 29027) 0.11372347190245652
(29016 29028) 1.3476099573333058
(29016 29029) 0.4114468612945954
(29016 29030) 0.4822164101377155
(29016 29031) 1.3364463226563879
(29016 29032) 0.9070623026268807
(29016 29033) 0.7153941784912461
(29016 29034) 1.0717362989919126
(29016 29035) 0.6620939863146412
(29016 29036) 0.9152090269619191
(29016 29037) 1.338863752572987
(29016 29038) 1.2436451795670942
(29016 29039) 1.1131707228373235
(29016 29040) 0.6230610275927513
(29016 29041) 1.3197629444451404
(29016 29042) 1.3329882802601056
(29016 29043) 0.7908177220137494
(29016 29044) 0.39744763573459985
(29016 29045) 0.3273040665475924
(29016 29046) 0.7913201385869773
(29016 29047) 0.25128766316195567
(29016 29048) 1.2060388413354446
(29016 29049) 0.200793630946058
(29016 29050) 0.3419981288726523
(29016 29051) 0.22926725497239397
(29016 29052) 0.9508932183432623
(29016 29053) 0.8767338483414995
(29016 29054) 0.7235855285111086
(29016 29055) 0.5773302155026836
(29016 29056) 0.16772150461592286
(29016 29057) 0.37732205574440325
(29016 29058) 0.27180486253712244
(29016 29059) 1.2519206536058638
(29016 29060) 1.3598548568221558
(29017 29001) 0.5592183053093166
(29017 29002) 0.8362242365838822
(29017 29003) 0.6405779529916071
(29017 29004) 0.44206649039473467
(29017 29005) 0.6439753516100422
(29017 29006) 0.5470738862999099
(29017 29007) 0.42279059363581684
(29017 29008) 0.7876856637456443
(29017 29009) 0.5516450105947542
(29017 29010) 0.6330093267519067
(29017 29011) 0.7379623666577687
(29017 29012) 0.38370890690003573
(29017 29013) 0.7991144503770418
(29017 29014) 0.6438001758998716
(29017 29015) 0.7653630578164942
(29017 29016) 0.5131202071088959
(29017 29017) 0.0
(29017 29018) 0.8471062078096987
(29017 29019) 0.9436235089139696
(29017 29020) 0.3416988429609457
(29017 29021) 0.679883706104351
(29017 29022) 1.1760648184332279
(29017 29023) 0.48788401112294066
(29017 29024) 1.1980001151996758
(29017 29025) 0.31332753728449975
(29017 29026) 0.5213959055576148
(29017 29027) 0.46835638107822564
(29017 29028) 0.9908959210616445
(29017 29029) 0.6121872529305911
(29017 29030) 0.6710368169964893
(29017 29031) 0.9857178684112387
(29017 29032) 0.48614796484588907
(29017 29033) 0.8219164885768677
(29017 29034) 0.7370950935649613
(29017 29035) 1.0179994723516634
(29017 29036) 0.9713164163445899
(29017 29037) 0.9780520081258822
(29017 29038) 0.8641760478715033
(29017 29039) 0.7328077954247657
(29017 29040) 0.8403449448120079
(29017 29041) 0.964483279592948
(29017 29042) 0.9939917070440091
(29017 29043) 0.7885083335414077
(29017 29044) 0.7228192507380415
(29017 29045) 0.6948063219343271
(29017 29046) 0.4547652278805842
(29017 29047) 0.38910450816232556
(29017 29048) 0.8554545580712591
(29017 29049) 0.34243979352026344
(29017 29050) 0.3450697481953703
(29017 29051) 0.4854466605107267
(29017 29052) 1.0165604600764357
(29017 29053) 0.5507904812371248
(29017 29054) 1.1470339377398235
(29017 29055) 0.28971964413838996
(29017 29056) 0.5261499205978288
(29017 29057) 0.5361172644159903
(29017 29058) 0.47747391696974073
(29017 29059) 0.8941920122451958
(29017 29060) 0.9982298910559836
(29018 29001) 1.1202200752502833
(29018 29002) 1.359076334111923
(29018 29003) 0.2808493662286845
(29018 29004) 0.4200988755607601
(29018 29005) 0.39915535833075294
(29018 29006) 1.100940448158339
(29018 29007) 0.45752385170734605
(29018 29008) 0.08125304696827457
(29018 29009) 1.2364786844036562
(29018 29010) 1.2468009335007881
(29018 29011) 1.2989684315874497
(29018 29012) 0.8797955033985191
(29018 29013) 0.08833257406148616
(29018 29014) 0.27796263264313364
(29018 29015) 0.09820879041894276
(29018 29016) 1.184493745184225
(29018 29017) 0.8471062078096987
(29018 29018) 0.0
(29018 29019) 0.10515843934519349
(29018 29020) 0.9946744562466006
(29018 29021) 0.2725544326214706
(29018 29022) 1.6705127032174005
(29018 29023) 0.6041339557182224
(29018 29024) 1.5890392090733432
(29018 29025) 0.919932975260336
(29018 29026) 1.2375855285074011
(29018 29027) 1.1860148134939552
(29018 29028) 0.17316759530805353
(29018 29029) 1.2673822985579826
(29018 29030) 1.3045279092321038
(29018 29031) 0.16910237124434427
(29018 29032) 0.45655723538210563
(29018 29033) 1.3299173970107452
(29018 29034) 0.14010145713203312
(29018 29035) 1.7963239958297368
(29018 29036) 1.5687750940579572
(29018 29037) 0.15901634386445412
(29018 29038) 0.1733277280465173
(29018 29039) 0.1660707154796369
(29018 29040) 1.5449673773259924
(29018 29041) 0.13969242717678815
(29018 29042) 0.1786288431950406
(29018 29043) 1.2016490994534772
(29018 29044) 1.3936236616791107
(29018 29045) 1.3582453059969812
(29018 29046) 0.508132435855367
(29018 29047) 1.1771107404758694
(29018 29048) 0.09811964102874009
(29018 29049) 1.1011422930367303
(29018 29050) 0.9410007809460185
(29018 29051) 1.1743605161568587
(29018 29052) 1.4475151397393997
(29018 29053) 0.346778966227343
(29018 29054) 1.7981437777389178
(29018 29055) 0.644743214713401
(29018 29056) 1.2492202850438627
(29018 29057) 1.3456132841609951
(29018 29058) 1.16825249022118
(29018 29059) 0.156785039435952
(29018 29060) 0.18439730211778696
(29019 29001) 1.2253785145954768
(29019 29002) 1.462745675857807
(29019 29003) 0.3546661883995237
(29019 29004) 0.5151270790657212
(29019 29005) 0.5030154559088956
(29019 29006) 1.2049044667115596
(29019 29007) 0.5604781602571629
(29019 29008) 0.16678180319507546
(29019 29009) 1.326912470814558
(29019 29010) 1.3519593728459816
(29019 29011) 1.3922563821578735
(29019 29012) 0.9710644031166454
(29019 29013) 0.1734889484011202
(29019 29014) 0.3812601848809868
(29019 29015) 0.19773358082544454
(29019 29016) 1.2862969470599686
(29019 29017) 0.9436235089139696
(29019 29018) 0.10515843934519349
(29019 29019) 0.0
(29019 29020) 1.0893121096368505
(29019 29021) 0.36447420000075653
(29019 29022) 1.7638006537878246
(29019 29023) 0.7018249502903738
(29019 29024) 1.6941976484185368
(29019 29025) 1.0250914146055294
(29019 29026) 1.3394820678997341
(29019 29027) 1.2896891537621327
(29019 29028) 0.07076016221879101
(29019 29029) 1.3558173654211765
(29019 29030) 1.3988535394687223
(29019 29031) 0.06594265144685922
(29019 29032) 0.5396059402426688
(29019 29033) 1.4350758363559386
(29019 29034) 0.23984145252307607
(29019 29035) 1.8952014304184368
(29019 29036) 1.663937304430475
(29019 29037) 0.054404507244357386
(29019 29038) 0.1860278799933294
(29019 29039) 0.2640002745501986
(29019 29040) 1.6446239471941635
(29019 29041) 0.039035723972427716
(29019 29042) 0.07892665833021055
(29019 29043) 1.2943437162679714
(29019 29044) 1.4969109626318693
(29019 29045) 1.4585594102734152
(29019 29046) 0.5985865535708591
(29019 29047) 1.267564858191361
(29019 29048) 0.12081067814943626
(29019 29049) 1.2028179137572
