!n: Number of areas
n: 58
!I: Set if areas
I: [32001 32002 32003 32004 32005 32006 32007 32008 32009 32010 32011 32012 32013 32014 32015 32016 32017 32018 32019 32020 32021 32022 32023 32024 32025 32026 32027 32028 32029 32030 32031 32032 32033 32034 32035 32036 32037 32038 32039 32040 32041 32042 32043 32044 32045 32046 32047 32048 32049 32050 32051 32052 32053 32054 32055 32056 32057 32058 ]
!p: Number of regions
p: 5
!K: Set of regions
K: [1 2 3 4 5 ]
!N: Node Neighbor Set
N: [
(32001) [32019 32023 32034 32058]
(32002) [32034]
(32003) [32045 32048]
(32004) [32045 32047 32058]
(32005) [32010 32013 32020 32032 32037 32056]
(32006) [32010 32039 32051]
(32007) [32026 32041]
(32008) [32012 32025 32036]
(32009) [32021 32042]
(32010) [32005 32006 32013 32020 32037 32039 32040 32042 32049 32051]
(32011) [32028 32047]
(32012) [32008 32017 32036 32055 32056]
(32013) [32005 32010]
(32014) [32022 32026 32039 32051]
(32015) [32018 32030 32044 32048 32055]
(32016) [32017 32036 32053 32057]
(32017) [32012 32016 32036 32037 32050 32056 32057]
(32018) [32015 32019 32044 32048]
(32019) [32001 32018 32034 32045 32048 32058]
(32020) [32005 32010 32043 32046 32049 32055 32056]
(32021) [32009 32042 32049]
(32022) [32014 32029 32039]
(32023) [32001 32028 32033 32034 32047 32058]
(32024) [32025 32035 32038 32052]
(32025) [32008 32024 32035 32036]
(32026) [32007 32014 32027 32051]
(32027) [32026]
(32028) [32011 32023 32033 32047]
(32029) [32022 32039 32042]
(32030) [32015 32048]
(32031) [32043 32046 32049]
(32032) [32005 32037 32050 32056]
(32033) [32023 32028 32034]
(32034) [32001 32002 32019 32023 32033]
(32035) [32024 32025 32036 32038 32053 32054]
(32036) [32008 32012 32016 32017 32025 32035 32053 32057]
(32037) [32005 32010 32017 32032 32050 32051]
(32038) [32024 32035 32052 32054]
(32039) [32006 32010 32014 32022 32029 32040 32042 32051]
(32040) [32010 32039 32042]
(32041) [32007]
(32042) [32009 32010 32021 32029 32039 32040 32049]
(32043) [32020 32031 32046 32049]
(32044) [32015 32018 32048 32055]
(32045) [32003 32004 32019 32048 32058]
(32046) [32020 32031 32043 32055]
(32047) [32004 32011 32023 32028 32058]
(32048) [32003 32015 32018 32019 32030 32044 32045]
(32049) [32010 32020 32021 32031 32042 32043]
(32050) [32017 32032 32037 32056]
(32051) [32006 32010 32014 32026 32037 32039]
(32052) [32024 32038]
(32053) [32016 32035 32036]
(32054) [32035 32038]
(32055) [32012 32015 32020 32044 32046 32056]
(32056) [32005 32012 32017 32020 32032 32050 32055]
(32057) [32016 32017 32036]
(32058) [32001 32004 32019 32023 32045 32047]
]
!d(i,j): distance list
d: [
(32001 32001) 0.0
(32001 32002) 0.7103462688907626
(32001 32003) 0.5386761524853839
(32001 32004) 0.335610099875282
(32001 32005) 1.0441905985365456
(32001 32006) 0.32339911729696935
(32001 32007) 0.9179122253114227
(32001 32008) 0.640965214808988
(32001 32009) 1.9543089648316065
(32001 32010) 1.1182623607243518
(32001 32011) 0.5541723013913982
(32001 32012) 0.52235444356904
(32001 32013) 0.7321043832253387
(32001 32014) 0.7446844825315767
(32001 32015) 0.6586344763917108
(32001 32016) 0.5086615408196364
(32001 32017) 0.7185117146458723
(32001 32018) 0.6932584454468904
(32001 32019) 1.0508306034322794
(32001 32020) 0.45053410156010704
(32001 32021) 0.720197153105235
(32001 32022) 0.9472065197491433
(32001 32023) 1.035996973270294
(32001 32024) 0.8177042497353966
(32001 32025) 0.261601087456231
(32001 32026) 1.9656178075749169
(32001 32027) 1.1216197281771054
(32001 32028) 0.6927792915531334
(32001 32029) 0.4808791155223122
(32001 32030) 0.4899614946876934
(32001 32031) 0.6276586057747228
(32001 32032) 0.9939700657312688
(32001 32033) 0.5535987132787477
(32001 32034) 0.827026483325122
(32001 32035) 0.7235864249806337
(32001 32036) 0.7879350175418571
(32001 32037) 0.29161649338927265
(32001 32038) 0.6551133661587291
(32001 32039) 0.8456504720132393
(32001 32040) 0.7437248337321659
(32001 32041) 0.39501463003916576
(32001 32042) 1.5679745206241928
(32001 32043) 0.4773544212796549
(32001 32044) 0.7486551312870967
(32001 32045) 0.6412045907933716
(32001 32046) 0.9119699200051976
(32001 32047) 0.8009980294568189
(32001 32048) 0.9900355413046159
(32001 32049) 0.7569824366728606
(32001 32050) 1.8864093367890686
(32001 32051) 0.8807700894555162
(32001 32052) 0.5039257791869195
(32001 32053) 0.4776271621339735
(32001 32054) 0.8259374538957751
(32001 32055) 0.8153841948534741
(32001 32056) 1.1996161648729853
(32001 32057) 0.9608389150685122
(32001 32058) 0.5634215244708727
(32002 32001) 0.7103462688907626
(32002 32002) 0.0
(32002 32003) 0.8747933749846102
(32002 32004) 0.6903392889277982
(32002 32005) 1.1650511031814386
(32002 32006) 0.5205964881852034
(32002 32007) 0.9546237090268295
(32002 32008) 0.8872437897268888
(32002 32009) 1.947766025517539
(32002 32010) 1.1177131173337578
(32002 32011) 0.8251314021888256
(32002 32012) 0.6041084642728026
(32002 32013) 0.7760166455455978
(32002 32014) 1.1012730503540713
(32002 32015) 0.6446402115471392
(32002 32016) 0.840849618886774
(32002 32017) 0.7962774916367803
(32002 32018) 0.6596602982421013
(32002 32019) 1.0983948058422115
(32002 32020) 0.6156433672311286
(32002 32021) 0.6479224811144788
(32002 32022) 1.1810487058025207
(32002 32023) 1.102316115804268
(32002 32024) 0.9116385176428821
(32002 32025) 0.7635692725903604
(32002 32026) 1.9834620016291968
(32002 32027) 0.9468943516607243
(32002 32028) 0.35527309825472975
(32002 32029) 1.0296500588363033
(32002 32030) 0.7266179986265882
(32002 32031) 0.897118071526554
(32002 32032) 1.1001818901373364
(32002 32033) 0.8192157437334369
(32002 32034) 0.8611091528311935
(32002 32035) 0.7836393354647381
(32002 32036) 0.8882651159752273
(32002 32037) 0.7303510766386127
(32002 32038) 1.010369801712458
(32002 32039) 0.9776288932562787
(32002 32040) 1.0591573325632684
(32002 32041) 0.7845761257742702
(32002 32042) 1.5646996211244648
(32002 32043) 0.4242835783585307
(32002 32044) 0.8326271981877376
(32002 32045) 0.9749345407249465
(32002 32046) 0.44213040427930705
(32002 32047) 0.43570048131691314
(32002 32048) 1.069360794194376
(32002 32049) 1.0884223954669368
(32002 32050) 1.9378314610198293
(32002 32051) 1.2047919054913248
(32002 32052) 0.45662353741966427
(32002 32053) 0.6903945560012338
(32002 32054) 0.9991543223540658
(32002 32055) 0.8346887950155444
(32002 32056) 1.154350934055209
(32002 32057) 0.5127431451343372
(32002 32058) 0.8461798961503952
(32003 32001) 0.5386761524853839
(32003 32002) 0.8747933749846102
(32003 32003) 0.0
(32003 32004) 0.22575482858883755
(32003 32005) 1.5218299365162713
(32003 32006) 0.5896274734309619
(32003 32007) 0.48544601439899143
(32003 32008) 0.43713601562100735
(32003 32009) 1.9451431083834385
(32003 32010) 1.005599847761979
(32003 32011) 0.10186644026125805
(32003 32012) 0.29392962133076883
(32003 32013) 1.1708788075075232
(32003 32014) 0.38236904597315324
(32003 32015) 0.394516739905429
(32003 32016) 0.22665683493404476
(32003 32017) 1.0249532943287731
(32003 32018) 0.38064181022897897
(32003 32019) 0.738875585233566
(32003 32020) 0.4662597057768034
(32003 32021) 0.4120086505168756
(32003 32022) 0.6522355111048285
(32003 32023) 0.7287213196977039
(32003 32024) 0.47940854152315804
(32003 32025) 0.7425602841778987
(32003 32026) 1.9627794388016933
(32003 32027) 0.7519212295869356
(32003 32028) 0.5890754278923798
(32003 32029) 0.5062470109120326
(32003 32030) 0.1668500144529405
(32003 32031) 0.14953316304993736
(32003 32032) 1.4547077253818792
(32003 32033) 0.21174931546187303
(32003 32034) 0.4938222970576938
(32003 32035) 0.29156903408835866
(32003 32036) 1.211531337505472
(32003 32037) 0.7494493141735282
(32003 32038) 0.26271613939977
(32003 32039) 0.6647903496804318
(32003 32040) 0.2830279242778428
(32003 32041) 0.3044051920647462
(32003 32042) 1.4642424281931454
(32003 32043) 0.5889973177369822
(32003 32044) 1.0653941841745997
(32003 32045) 0.3323649442001789
(32003 32046) 0.6431051832655174
(32003 32047) 0.7643383647354908
(32003 32048) 0.6314070902856925
(32003 32049) 0.48319227972252404
(32003 32050) 1.8023196650897741
(32003 32051) 0.6231947285617878
(32003 32052) 0.7617136697598692
(32003 32053) 0.3146761795097202
(32003 32054) 0.5261041497012425
(32003 32055) 0.48632632234183293
(32003 32056) 0.9183384926131423
(32003 32057) 1.1020627143742268
(32003 32058) 0.20724771223542876
(32004 32001) 0.335610099875282
(32004 32002) 0.6903392889277982
(32004 32003) 0.22575482858883755
(32004 32004) 0.0
(32004 32005) 1.329441687203349
(32004 32006) 0.3781434460272603
(32004 32007) 0.6372948685583518
(32004 32008) 0.4394287083368846
(32004 32009) 1.944995040480707
(32004 32010) 0.9600213213254546
(32004 32011) 0.2486634659237224
(32004 32012) 0.3276441631582352
(32004 32013) 0.9779684837703759
(32004 32014) 0.45438589037640775
(32004 32015) 0.43590330613636474
(32004 32016) 0.1985544940515415
(32004 32017) 0.8301594073876541
(32004 32018) 0.4765704906626558
(32004 32019) 0.7459034970542593
(32004 32020) 0.2687474820141245
(32004 32021) 0.4848840973649282
(32004 32022) 0.6516320368626892
(32004 32023) 0.7323865853567899
(32004 32024) 0.49045081546138414
(32004 32025) 0.5422450613752801
(32004 32026) 1.9627794388016933
(32004 32027) 0.9308254546361663
(32004 32028) 0.4886732222538594
(32004 32029) 0.49346147166159476
(32004 32030) 0.19531021522830638
(32004 32031) 0.3279019072838537
(32004 32032) 1.2624441330285228
(32004 32033) 0.3318166688736073
(32004 32034) 0.5064056473340789
(32004 32035) 0.5057113317475302
(32004 32036) 1.0181666606380395
(32004 32037) 0.531816793148832
(32004 32038) 0.4353835701965388
(32004 32039) 0.6124710885858655
(32004 32040) 0.4534262415769972
(32004 32041) 0.2850229518234382
(32004 32042) 1.4631268010789362
(32004 32043) 0.4030078396884331
(32004 32044) 0.8835897012443212
(32004 32045) 0.4280693622178968
(32004 32046) 0.6260491628045335
(32004 32047) 0.5934268419626607
(32004 32048) 0.6678000524350398
(32004 32049) 0.4836529679045086
(32004 32050) 1.7942829555969435
(32004 32051) 0.606882844582426
(32004 32052) 0.5580046381395116
(32004 32053) 0.2631510288228114
(32004 32054) 0.5388044718194733
(32004 32055) 0.51981335056198
(32004 32056) 0.9218994582027773
(32004 32057) 0.9176944520163248
(32004 32058) 0.26100299396625715
(32005 32001) 1.0441905985365456
(32005 32002) 1.1650511031814386
(32005 32003) 1.5218299365162713
(32005 32004) 1.329441687203349
(32005 32005) 0.0
(32005 32006) 1.004418112799929
(32005 32007) 1.8549937171410669
(32005 32008) 1.6170032613219338
(32005 32009) 1.9603760529575125
(32005 32010) 1.4399118943844293
(32005 32011) 1.5373260854222859
(32005 32012) 1.5031153579605807
(32005 32013) 0.3895565320600655
(32005 32014) 1.6300705042770343
(32005 32015) 1.5826263145716952
(32005 32016) 1.4635261539448072
(32005 32017) 1.0277100742629348
(32005 32018) 1.547869732058011
(32005 32019) 1.7441476330381438
(32005 32020) 1.1879991861242338
(32005 32021) 1.6992780892925654
(32005 32022) 1.7449067749753522
(32005 32023) 1.733526939550451
(32005 32024) 1.586163251054209
(32005 32025) 0.798624860169859
(32005 32026) 1.962779438801693
(32005 32027) 1.9769223628200312
(32005 32028) 1.453362565883849
(32005 32029) 1.3468162047002596
(32005 32030) 1.471377619921157
(32005 32031) 1.6099550350965466
(32005 32032) 0.7445070227601429
(32005 32033) 1.4860022523817167
(32005 32034) 1.5985662989674474
(32005 32035) 1.6906198205236278
(32005 32036) 0.513333975301312
(32005 32037) 0.8311780728679671
(32005 32038) 1.579563275836124
(32005 32039) 1.459314665731713
(32005 32040) 1.611005071643016
(32005 32041) 1.3651798637564145
(32005 32042) 1.8322839234255173
(32005 32043) 1.241480234854539
(32005 32044) 0.512107065208373
(32005 32045) 1.6475063463325135
(32005 32046) 1.5639969336267678
(32005 32047) 1.343789597018708
(32005 32048) 1.7241537199607162
(32005 32049) 1.6673268434640052
(32005 32050) 1.9097076161708333
(32005 32051) 1.752888727633491
(32005 32052) 0.8825513861082832
(32005 32053) 1.4280977173891074
(32005 32054) 1.6498079700460138
(32005 32055) 1.5776327890210828
(32005 32056) 1.7245076288953205
(32005 32057) 1.0999388482300922
(32005 32058) 1.5418323328720003
(32006 32001) 0.32339911729696935
(32006 32002) 0.5205964881852034
(32006 32003) 0.5896274734309619
(32006 32004) 0.3781434460272603
(32006 32005) 1.004418112799929
(32006 32006) 0.0
(32006 32007) 0.9103902099857688
(32006 32008) 0.6836103941121724
(32006 32009) 1.9457149828853144
(32006 32010) 0.9926049755611325
(32006 32011) 0.5879209943238588
(32006 32012) 0.5823624197365679
(32006 32013) 0.6685516486244705
(32006 32014) 0.7151836230155293
(32006 32015) 0.6794692815629926
(32006 32016) 0.5354532324451065
(32006 32017) 0.5967251378550125
(32006 32018) 0.7225592359276096
(32006 32019) 0.8025557940304191
(32006 32020) 0.2666538461926695
(32006 32021) 0.787205353813781
(32006 32022) 0.8232085415810646
(32006 32023) 0.77219959782967
(32006 32024) 0.6336206948194372
(32006 32025) 0.3397457709104118
(32006 32026) 1.9627794388016935
(32006 32027) 1.1509205186578244
(32006 32028) 0.5592992652518298
(32006 32029) 0.7382617228392387
(32006 32030) 0.5171554878746826
(32006 32031) 0.6578440006768955
(32006 32032) 0.9491333282241494
(32006 32033) 0.5639421393751145
(32006 32034) 0.6376938977690382
(32006 32035) 0.7870313276588918
(32006 32036) 0.681386934990114
(32006 32037) 0.3002852185883246
(32006 32038) 0.6770510106350914
(32006 32039) 0.6872725397431683
(32006 32040) 0.7325404165119946
(32006 32041) 0.5742273347384956
(32006 32042) 1.4759997813252157
(32006 32043) 0.41547839069233206
(32006 32044) 0.6368533731123798
(32006 32045) 0.7024358865066014
(32006 32046) 0.6831123446508838
(32006 32047) 0.6245061790776568
(32006 32048) 0.7685128816496775
(32006 32049) 0.7602168990885729
(32006 32050) 1.843674274004357
(32006 32051) 0.838959149198923
(32006 32052) 0.2574249345086993
(32006 32053) 0.4950975158634053
(32006 32054) 0.6955059828711799
(32006 32055) 0.6177453339965788
(32006 32056) 0.9133573239428328
(32006 32057) 0.7165486966016396
(32006 32058) 0.5836974816594582
(32007 32001) 0.9179122253114227
(32007 32002) 0.9546237090268295
(32007 32003) 0.48544601439899143
(32007 32004) 0.6372948685583518
(32007 32005) 1.8549937171410669
(32007 32006) 0.9103902099857688
(32007 32007) 0.0
(32007 32008) 0.6265886114169977
(32007 32009) 1.9438180517436883
(32007 32010) 1.3388203418214037
(32007 32011) 0.5042200373925003
(32007 32012) 0.42324982668401007
(32007 32013) 1.5158605100451632
(32007 32014) 0.5276841225175761
(32007 32015) 0.5797287689449746
(32007 32016) 0.6638679009457626
(32007 32017) 1.3439003092200557
(32007 32018) 0.3614707536128678
(32007 32019) 0.7702193981421114
(32007 32020) 0.8042711215359224
(32007 32021) 0.33288151689607887
(32007 32022) 0.7808107965204851
(32007 32023) 0.8023856520567407
(32007 32024) 0.7591173493648957
(32007 32025) 1.0741825483397833
(32007 32026) 1.9627794388016935
(32007 32027) 0.3880270665097616
(32007 32028) 0.6019441263822795
(32007 32029) 0.791556956265105
(32007 32030) 0.5269391518190535
(32007 32031) 0.3668503593336904
(32007 32032) 1.7915828552538087
(32007 32033) 0.417030039454389
(32007 32034) 0.6807606856871938
(32007 32035) 0.36367152456784646
(32007 32036) 1.5425292692710448
(32007 32037) 1.061911919155115
(32007 32038) 0.4416502019512102
(32007 32039) 1.0207470269495766
(32007 32040) 0.3656848811524858
(32007 32041) 0.6649554303643157
(32007 32042) 1.4711532000372785
(32007 32043) 0.6676515139828394
(32007 32044) 1.4245205666669158
(32007 32045) 0.462735487486409
(32007 32046) 0.6214494136098723
(32007 32047) 0.8845734145034527
(32007 32048) 0.8037994843066926
(32007 32049) 0.679219331011636
(32007 32050) 1.8034029162818546
(32007 32051) 0.7263968470970501
(32007 32052) 1.0307247944399547
(32007 32053) 0.4755756252517313
(32007 32054) 0.7315805136337896
(32007 32055) 0.7343622013552646
(32007 32056) 0.9955651338380725
(32007 32057) 1.1515824239144632
(32007 32058) 0.4922554089437894
(32008 32001) 0.640965214808988
(32008 32002) 0.8872437897268888
(32008 32003) 0.43713601562100735
(32008 32004) 0.4394287083368846
(32008 32005) 1.6170032613219338
(32008 32006) 0.6836103941121724
(32008 32007) 0.6265886114169977
(32008 32008) 0.0
(32008 32009) 1.9442803862154825
(32008 32010) 1.1807077221592315
(32008 32011) 0.3793903823480789
(32008 32012) 0.3600124535659021
(32008 32013) 1.2602156850713453
(32008 32014) 0.48587095450633144
(32008 32015) 0.41795678583758045
(32008 32016) 0.46112797622433643
(32008 32017) 1.1625267774040944
(32008 32018) 0.4717768332600517
(32008 32019) 0.7833732916863961
(32008 32020) 0.6638717853363814
(32008 32021) 0.3938696199288804
(32008 32022) 0.760545830593674
(32008 32023) 0.7727777230147728
(32008 32024) 0.5876742936687511
(32008 32025) 0.8288729415343434
(32008 32026) 1.966382515577118
(32008 32027) 0.8157701890663931
(32008 32028) 0.5812854269026212
(32008 32029) 0.7692001484334168
(32008 32030) 0.3267122529926178
(32008 32031) 0.348892791702166
(32008 32032) 1.5643474804117024
(32008 32033) 0.3921847526814075
(32008 32034) 0.5225070505876555
(32008 32035) 0.4093610899180571
(32008 32036) 1.1364502563396215
(32008 32037) 0.8222876601111642
(32008 32038) 0.4693715953007626
(32008 32039) 0.8704021516312628
(32008 32040) 0.4822586252190364
(32008 32041) 0.5669887513299073
(32008 32042) 1.5300606829118577
(32008 32043) 0.5812073167472237
(32008 32044) 1.2778519587251342
(32008 32045) 0.406299378678941
(32008 32046) 0.6702802181362525
(32008 32047) 0.751687106707755
(32008 32048) 0.7575872143438032
(32008 32049) 0.586740539941889
(32008 32050) 1.9118727835610658
(32008 32051) 0.7223315787466943
(32008 32052) 0.7662285066779647
(32008 32053) 0.35509510371072717
(32008 32054) 0.5999340591594429
(32008 32055) 0.5645379381934136
(32008 32056) 0.9280359849072568
(32008 32057) 1.1736602480945546
(32008 32058) 0.35494518387282703
(32009 32001) 1.9543089648316065
(32009 32002) 1.947766025517539
(32009 32003) 1.9451431083834385
(32009 32004) 1.944995040480707
(32009 32005) 1.9603760529575125
(32009 32006) 1.9457149828853144
(32009 32007) 1.9438180517436883
(32009 32008) 1.9442803862154825
(32009 32009) 0.0
(32009 32010) 1.2760422024003926
(32009 32011) 1.9451431083834385
(32009 32012) 1.9463253852598406
(32009 32013) 1.9476179576148074
(32009 32014) 1.9489158181091577
(32009 32015) 1.9477660255175389
(32009 32016) 1.944995040480707
(32009 32017) 1.9338626308865674
(32009 32018) 1.9516815150066065
(32009 32019) 1.897735270097536
(32009 32020) 1.9438180517436883
(32009 32021) 1.9464356807384053
(32009 32022) 1.9347957305073513
(32009 32023) 1.934795730507351
(32009 32024) 1.9347957305073513
(32009 32025) 1.9524120336899806
(32009 32026) 0.04722563086414665
(32009 32027) 1.961102713042138
(32009 32028) 1.9477660255175386
(32009 32029) 1.9453246210734425
(32009 32030) 1.9451431083834383
(32009 32031) 1.9347957305073515
(32009 32032) 1.4243910894244975
(32009 32033) 1.9451431083834383
(32009 32034) 1.9347957305073515
(32009 32035) 1.9461214141693428
(32009 32036) 1.93563193503091
(32009 32037) 1.9457149828853146
(32009 32038) 1.9438180517436878
(32009 32039) 1.9347957305073513
(32009 32040) 1.9489158181091577
(32009 32041) 1.9477660255175389
(32009 32042) 0.7888450704667774
(32009 32043) 1.9528637918830083
(32009 32044) 1.9347957305073515
(32009 32045) 1.9347957305073515
(32009 32046) 1.9442803862154823
(32009 32047) 1.9352580649791455
(32009 32048) 1.9250874048784947
(32009 32049) 1.943818051743688
(32009 32050) 0.24572486660435397
(32009 32051) 1.3855450215204332
(32009 32052) 1.9438180517436883
(32009 32053) 1.9445327060089128
(32009 32054) 1.9450003286200899
(32009 32055) 1.9278022230157636
(32009 32056) 1.724792895849388
(32009 32057) 1.9745836912270522
(32009 32058) 1.9445327060089128
(32010 32001) 1.1182623607243518
(32010 32002) 1.1177131173337578
(32010 32003) 1.005599847761979
(32010 32004) 0.9600213213254546
(32010 32005) 1.4399118943844293
(32010 32006) 0.9926049755611325
(32010 32007) 1.3388203418214037
(32010 32008) 1.1807077221592315
(32010 32009) 1.2760422024003926
(32010 32010) 0.0
(32010 32011) 0.9918001665374048
(32010 32012) 1.0973923946338184
(32010 32013) 1.1700983286099833
(32010 32014) 1.0212341892012209
(32010 32015) 1.1944992564602432
(32010 32016) 0.9623280313371962
(32010 32017) 0.6898765708955192
(32010 32018) 1.1787095400396135
(32010 32019) 1.044002783409026
(32010 32020) 0.8646091656171085
(32010 32021) 1.2912033155091065
(32010 32022) 1.0978056725182783
(32010 32023) 1.0842902389945637
(32010 32024) 0.9395245229469036
(32010 32025) 1.1136335041762735
(32010 32026) 1.3040259106947352
(32010 32027) 1.6248424615533918
(32010 32028) 1.1177131173337578
(32010 32029) 1.1673627525015529
(32010 32030) 0.959461799611344
(32010 32031) 1.0831278221962872
(32010 32032) 0.8177632918971522
(32010 32033) 0.9999512856220609
(32010 32034) 0.952923041398575
(32010 32035) 1.2936086118979961
(32010 32036) 1.1045661780079932
(32010 32037) 1.0963359311553749
(32010 32038) 1.1032658281240688
(32010 32039) 0.7882990105480282
(32010 32040) 1.0979481938611086
(32010 32041) 1.1177131173337573
(32010 32042) 0.658185095153195
(32010 32043) 1.1572247032673415
(32010 32044) 0.9704432052382919
(32010 32045) 1.1259396318216535
(32010 32046) 1.0775469482347264
(32010 32047) 1.0046042989712294
(32010 32048) 1.0516316074360657
(32010 32049) 0.9791866411183232
(32010 32050) 1.0967750751000713
(32010 32051) 0.6627940554285902
(32010 32052) 1.0627987570789488
(32010 32053) 1.0218680959184117
(32010 32054) 1.052672601298484
(32010 32055) 0.9238789127111442
(32010 32056) 0.7492444418352422
(32010 32057) 1.2665668007525066
(32010 32058) 0.9491994160404871
(32011 32001) 0.5541723013913982
(32011 32002) 0.8251314021888256
(32011 32003) 0.10186644026125805
(32011 32004) 0.2486634659237224
(32011 32005) 1.5373260854222859
(32011 32006) 0.5879209943238588
(32011 32007) 0.5042200373925003
(32011 32008) 0.3793903823480789
(32011 32009) 1.9451431083834385
(32011 32010) 0.9918001665374048
(32011 32011) 0.0
(32011 32012) 0.24426764853498417
(32011 32013) 1.1863749564135375
(32011 32014) 0.318600341917711
(32011 32015) 0.3317967648635662
(32011 32016) 0.2520036189288656
(32011 32017) 1.0111536131041987
(32011 32018) 0.35487535921940777
(32011 32019) 0.6444216334011786
(32011 32020) 0.4843716835278298
(32011 32021) 0.35426301724394726
(32011 32022) 0.6229396809742399
(32011 32023) 0.6582493740213077
(32011 32024) 0.4097181794644133
(32011 32025) 0.7601204168337926
(32011 32026) 1.962779438801693
(32011 32027) 0.7632827641515739
(32011 32028) 0.539413455096595
(32011 32029) 0.5982628160844841
(32011 32030) 0.11885253545586198
(32011 32031) 0.15315626725719364
(32011 32032) 1.4702038742878933
(32011 32033) 0.20731960341855182
(32011 32034) 0.39936834522530634
(32011 32035) 0.30536871531293297
(32011 32036) 1.2270274864114863
(32011 32037) 0.7649454630795427
(32011 32038) 0.3381000833996492
(32011 32039) 0.6509906684558576
(32011 32040) 0.3094369098915119
(32011 32041) 0.3964209972371976
(32011 32042) 1.4642424281931454
(32011 32043) 0.5393353449411975
(32011 32044) 1.0711565430883445
(32011 32045) 0.28973809825761754
(32011 32046) 0.5853595499925889
(32011 32047) 0.7220888803685768
(32011 32048) 0.5774595145616672
(32011 32049) 0.4538964495919354
(32011 32050) 1.8023196650897741
(32011 32051) 0.6246954678102459
(32011 32052) 0.7194641853929553
(32011 32053) 0.27242669514280615
(32011 32054) 0.44541942152329544
(32011 32055) 0.3943105171693816
(32011 32056) 0.8593053621279579
(32011 32057) 1.0622513766672488
(32011 32058) 0.11279376040304137
(32012 32001) 0.52235444356904
(32012 32002) 0.6041084642728026
(32012 32003) 0.29392962133076883
(32012 32004) 0.3276441631582352
(32012 32005) 1.5031153579605807
(32012 32006) 0.5823624197365679
(32012 32007) 0.42324982668401007
(32012 32008) 0.3600124535659021
(32012 32009) 1.9463253852598406
(32012 32010) 1.0973923946338184
(32012 32011) 0.24426764853498417
(32012 32012) 0.0
(32012 32013) 1.1514728809200272
(32012 32014) 0.49716458608126884
(32012 32015) 0.19859791827679196
(32012 32016) 0.3574971168717101
(32012 32017) 1.1167458412006124
(32012 32018) 0.17482000874771636
(32012 32019) 0.7840957053600164
(32012 32020) 0.5580522526486427
(32012 32021) 0.21470026222247912
(32012 32022) 0.763433984564164
(32012 32023) 0.7987436776112317
(32012 32024) 0.5787038928428048
(32012 32025) 0.7355772265905661
(32012 32026) 1.9627794388016933
(32012 32027) 0.6031812914779311
(32012 32028) 0.2951458065616109
(32012 32029) 0.6147450575028783
(32012 32030) 0.19284195105725171
(32012 32031) 0.31625431787271263
(32012 32032) 1.4357485940100045
(32012 32033) 0.2176714398608221
(32012 32034) 0.5297694963768025
(32012 32035) 0.25776346762149394
(32012 32036) 1.208733465539059
(32012 32037) 0.7300433875860322
(32012 32038) 0.40626133743965565
(32012 32039) 0.7565828965522711
(32012 32040) 0.45504886829046587
(32012 32041) 0.4245134565315365
(32012 32042) 1.5097117353138674
(32012 32043) 0.30249153279009994
(32012 32044) 1.1530955477515694
(32012 32045) 0.3708260764521439
(32012 32046) 0.45059974984183565
(32012 32047) 0.540060900580052
(32012 32048) 0.7724630627288204
(32012 32049) 0.5974557468059649
(32012 32050) 1.8828435752092316
(32012 32051) 0.7343932020211231
(32012 32052) 0.6914745697772734
(32012 32053) 0.15647724357076906
(32012 32054) 0.5755548398629354
(32012 32055) 0.5448826049274151
(32012 32056) 0.989440780467598
(32012 32057) 0.912040450858527
(32012 32058) 0.24207143187759242
(32013 32001) 0.7321043832253387
(32013 32002) 0.7760166455455978
(32013 32003) 1.1708788075075232
(32013 32004) 0.9779684837703759
(32013 32005) 0.3895565320600655
(32013 32006) 0.6685516486244705
(32013 32007) 1.5158605100451632
(32013 32008) 1.2602156850713453
(32013 32009) 1.9476179576148074
(32013 32010) 1.1700983286099833
(32013 32011) 1.1863749564135375
(32013 32012) 1.1514728809200272
(32013 32013) 0.0
(32013 32014) 1.3104037298900604
(32013 32015) 1.1935918569358546
(32013 32016) 1.123585892455735
(32013 32017) 0.7805790548676546
(32013 32018) 1.173894439631933
(32013 32019) 1.4161087835788222
(32013 32020) 0.8552939615442784
(32013 32021) 1.3104129052643054
(32013 32022) 1.4058004306009755
(32013 32023) 1.4008782626708836
(32013 32024) 1.247346130026348
(32013 32025) 0.48807278192648224
(32013 32026) 1.9834620016291966
(32013 32027) 1.6022557223621479
(32013 32028) 1.0643281082480078
(32013 32029) 1.0294338410945962
(32013 32030) 1.1342840880592795
(32013 32031) 1.2709962413016744
(32013 32032) 0.7300180552752595
(32013 32033) 1.1489087205198396
(32013 32034) 1.2665047821414464
(32013 32035) 1.3047172010620418
(32013 32036) 0.3077474183920011
(32013 32037) 0.47586937089722564
(32013 32038) 1.2371286076969092
(32013 32039) 1.121578539942178
(32013 32040) 1.2913382972560425
(32013 32041) 0.9761454061205738
(32013 32042) 1.6009238309300604
(32013 32043) 0.8668135943966556
(32013 32044) 0.2791121232796386
(32013 32045) 1.3091830604894124
(32013 32046) 1.2136642547725167
(32013 32047) 0.9904346519186101
(32013 32048) 1.3917637669030587
(32013 32049) 1.342062400135977
(32013 32050) 1.9370591089522256
(32013 32051) 1.417952945641906
(32013 32052) 0.5211734002442061
(32013 32053) 1.0903326804226614
(32013 32054) 1.3045152562993263
(32013 32055) 1.2395914575817724
(32013 32056) 1.3999377522208507
(32013 32057) 1.112612499318919
(32013 32058) 1.1927996195814765
(32014 32001) 0.7446844825315767
(32014 32002) 1.1012730503540713
(32014 32003) 0.38236904597315324
(32014 32004) 0.45438589037640775
(32014 32005) 1.6300705042770343
(32014 32006) 0.7151836230155293
(32014 32007) 0.5276841225175761
(32014 32008) 0.48587095450633144
(32014 32009) 1.9489158181091577
(32014 32010) 1.0212341892012209
(32014 32011) 0.318600341917711
(32014 32012) 0.49716458608126884
(32014 32013) 1.3104037298900604
(32014 32014) 0.0
(32014 32015) 0.6319860464647632
(32014 32016) 0.4882028123026263
(32014 32017) 0.906380850583476
(32014 32018) 0.4818799477927813
(32014 32019) 0.5251554818332248
(32014 32020) 0.6203082536162254
(32014 32021) 0.509062197528259
(32014 32022) 0.4917535444516279
(32014 32023) 0.48837226961610886
(32014 32024) 0.36231149211523966
(32014 32025) 0.9049832657277718
(32014 32026) 1.963231856366601
(32014 32027) 0.8051621717227162
(32014 32028) 0.7485934677095215
(32014 32029) 0.7222315773465264
(32014 32030) 0.4063216971432997
(32014 32031) 0.3226797524489062
(32014 32032) 1.5770950339128362
(32014 32033) 0.3642176968960651
(32014 32034) 0.46293271461439545
(32014 32035) 0.5127186980981576
(32014 32036) 1.306348302954675
(32014 32037) 0.883579688742995
(32014 32038) 0.40316539618907027
(32014 32039) 0.6109383138954532
(32014 32040) 0.2978685347014098
(32014 32041) 0.6435572812207526
(32014 32042) 1.483185273722092
(32014 32043) 0.6769894719955406
(32014 32044) 1.2038164578625938
(32014 32045) 0.37064062190034797
(32014 32046) 0.7576533665304237
(32014 32047) 0.9176341534600848
(32014 32048) 0.4980793737324685
(32014 32049) 0.30373805374330065
(32014 32050) 1.797903734608731
(32014 32051) 0.6527131458375679
(32014 32052) 0.9059152129568279
(32014 32053) 0.4471700687001926
(32014 32054) 0.34395784756994574
(32014 32055) 0.5408310653891771
(32014 32056) 0.7002591338807433
(32014 32057) 1.2648166825662568
(32014 32058) 0.266909736455979
(32015 32001) 0.6586344763917108
(32015 32002) 0.6446402115471392
(32015 32003) 0.394516739905429
(32015 32004) 0.43590330613636474
(32015 32005) 1.5826263145716952
(32015 32006) 0.6794692815629926
(32015 32007) 0.5797287689449746
(32015 32008) 0.41795678583758045
(32015 32009) 1.9477660255175389
(32015 32010) 1.1944992564602432
(32015 32011) 0.3317967648635662
(32015 32012) 0.19859791827679196
(32015 32013) 1.1935918569358546
(32015 32014) 0.6319860464647632
(32015 32015) 0.0
(32015 32016) 0.39092975852305856
(32015 32017) 1.2138527030270367
(32015 32018) 0.31384072876873337
(32015 32019) 0.8390835911706139
(32015 32020) 0.6551591144750674
(32015 32021) 0.27561917023698856
(32015 32022) 0.8184218703747613
(32015 32023) 0.8537315634218292
(32015 32024) 0.6052003688649348
(32015 32025) 0.8161251874805269
(32015 32026) 1.9834620016291966
(32015 32027) 0.7046723479282986
(32015 32028) 0.35892226445490866
(32015 32029) 0.7677357693291493
(32015 32030) 0.28497211819803836
(32015 32031) 0.40226886175305315
(32015 32032) 1.517757101527593
(32015 32033) 0.3946118762601436
(32015 32034) 0.5499261074726831
(32015 32035) 0.2659239648358651
(32015 32036) 1.3058403273654837
(32015 32037) 0.7940087342854396
(32015 32038) 0.5410827978231499
(32015 32039) 0.8536897583786958
(32015 32040) 0.5898703286739602
(32015 32041) 0.5327355727002425
(32015 32042) 1.5646996211244648
(32015 32043) 0.3588441542995111
(32015 32044) 1.2502024095779942
(32015 32045) 0.5056475368356381
(32015 32046) 0.4951234560653639
(32015 32047) 0.5710827774943805
(32015 32048) 0.7533047069217023
(32015 32049) 0.6493786389924568
(32015 32050) 1.9378314610198293
(32015 32051) 0.7893810878317207
(32015 32052) 0.7546657598534139
(32015 32053) 0.32359437655751483
(32015 32054) 0.6305427256735329
(32015 32055) 0.5392853217081368
(32015 32056) 1.0444286662781954
(32015 32057) 0.878844480978865
(32015 32058) 0.3769127775478609
(32016 32001) 0.5086615408196364
(32016 32002) 0.840849618886774
(32016 32003) 0.22665683493404476
(32016 32004) 0.1985544940515415
(32016 32005) 1.4635261539448072
(32016 32006) 0.5354532324451065
(32016 32007) 0.6638679009457626
(32016 32008) 0.46112797622433643
(32016 32009) 1.944995040480707
(32016 32010) 0.9623280313371962
(32016 32011) 0.2520036189288656
(32016 32012) 0.3574971168717101
(32016 32013) 1.123585892455735
(32016 32014) 0.4882028123026263
(32016 32015) 0.39092975852305856
(32016 32016) 0.0
(32016 32017) 0.9694471334655357
(32016 32018) 0.5016669842843535
(32016 32019) 0.7441651991392954
(32016 32020) 0.4115390233140865
(32016 32021) 0.4922775463791401
(32016 32022) 0.6511063925058678
(32016 32023) 0.7288126218281388
(32016 32024) 0.4845257097703801
(32016 32025) 0.6763295281167383
(32016 32026) 1.9627794388016933
(32016 32027) 0.9606784083496411
(32016 32028) 0.5551316717945436
(32016 32029) 0.6548161186962124
(32016 32030) 0.18671531483200052
(32016 32031) 0.31835332279805645
(32016 32032) 1.40728407487008
(32016 32033) 0.35013668064318126
(32016 32034) 0.49118950757144403
(32016 32035) 0.4856005267297036
(32016 32036) 1.152251127379498
(32016 32037) 0.6842702389819306
(32016 32038) 0.460366163390993
(32016 32039) 0.6200444038812468
(32016 32040) 0.4732769184964674
(32016 32041) 0.45406500095691865
(32016 32042) 1.4609123091944716
(32016 32043) 0.555053561639146
(32016 32044) 1.0335511378283921
(32016 32045) 0.4578490871557324
(32016 32046) 0.6341056795518293
(32016 32047) 0.7016481334573955
(32016 32048) 0.6128242280277291
(32016 32049) 0.4736506911105037
(32016 32050) 1.7984369401937057
(32016 32051) 0.6079851321891895
(32016 32052) 0.7033596336792978
(32016 32053) 0.3102330581535055
(32016 32054) 0.5488162473831468
(32016 32055) 0.4837802683065077
(32016 32056) 0.9285844707828105
(32016 32057) 1.0188459174637343
(32016 32058) 0.29238661282962813
(32017 32001) 0.7185117146458723
(32017 32002) 0.7962774916367803
(32017 32003) 1.0249532943287731
(32017 32004) 0.8301594073876541
(32017 32005) 1.0277100742629348
(32017 32006) 0.5967251378550125
(32017 32007) 1.3439003092200557
(32017 32008) 1.1625267774040944
(32017 32009) 1.9338626308865674
(32017 32010) 0.6898765708955192
(32017 32011) 1.0111536131041987
(32017 32012) 1.1167458412006124
(32017 32013) 0.7805790548676546
(32017 32014) 0.906380850583476
(32017 32015) 1.2138527030270367
(32017 32016) 0.9694471334655357
(32017 32017) 0.0
(32017 32018) 1.1960600145041038
(32017 32019) 0.9587488601511626
(32017 32020) 0.5968230841929433
(32017 32021) 1.298322417637446
(32017 32022) 0.9580087628788928
(32017 32023) 0.9669891936519917
(32017 32024) 0.7721389196436159
(32017 32025) 0.7138828580977933
(32017 32026) 1.9618463391809096
(32017 32027) 1.651398844382865
(32017 32028) 1.0845889543391904
(32017 32029) 1.0593023011246843
(32017 32030) 0.978815246178138
(32017 32031) 1.0894444435453208
(32017 32032) 0.8967941589371967
(32017 32033) 1.0256385380075548
(32017 32034) 0.9204944797560385
(32017 32035) 1.288929983067777
(32017 32036) 0.6606446807043463
(32017 32037) 0.6841944518688309
(32017 32038) 1.103953232765082
(32017 32039) 0.6392071106396444
(32017 32040) 1.1089050078914142
(32017 32041) 0.996406252211756
(32017 32042) 1.281472446483699
(32017 32043) 0.9159567164173722
(32017 32044) 0.5611888215347592
(32017 32045) 1.11449911336742
(32017 32046) 1.0901658099429383
(32017 32047) 0.8802240333970638
(32017 32048) 0.9048440784444431
(32017 32049) 0.8460725676090337
(32017 32050) 1.723032054144864
(32017 32051) 1.2173165910433394
(32017 32052) 0.6577160390857931
(32017 32053) 0.9862688437362386
(32017 32054) 0.9254665205007114
(32017 32055) 0.921086936356559
(32017 32056) 0.7955739484621949
(32017 32057) 0.8861924750104364
(32017 32058) 0.9334195717158547
(32018 32001) 0.6932584454468904
(32018 32002) 0.6596602982421013
(32018 32003) 0.38064181022897897
(32018 32004) 0.4765704906626558
(32018 32005) 1.547869732058011
(32018 32006) 0.7225592359276096
(32018 32007) 0.3614707536128678
(32018 32008) 0.4717768332600517
(32018 32009) 1.9516815150066065
(32018 32010) 1.1787095400396135
(32018 32011) 0.35487535921940777
(32018 32012) 0.17482000874771636
(32018 32013) 1.173894439631933
(32018 32014) 0.4818799477927813
(32018 32015) 0.31384072876873337
(32018 32016) 0.5016669842843535
(32018 32017) 1.1960600145041038
(32018 32018) 0.0
(32018 32019) 0.8892010701752104
(32018 32020) 0.6663453558596789
(32018 32021) 0.20199841335801444
(32018 32022) 0.8799459219845099
(32018 32023) 0.9094994493435079
(32018 32024) 0.7103895464393791
(32018 32025) 0.8312766793732091
(32018 32026) 1.9839144191941043
(32018 32027) 0.47315386878493676
(32018 32028) 0.3069807155975511
(32018 32029) 0.5917309161420107
(32018 32030) 0.3560406922135262
(32018 32031) 0.38454287988453056
(32018 32032) 1.4872639229952391
(32018 32033) 0.23594394638286273
(32018 32034) 0.6552076066246192
(32018 32035) 0.29880342565216894
(32018 32036) 1.2845359047507243
(32018 32037) 0.8050506541700941
(32018 32038) 0.4355355278211798
(32018 32039) 0.8653687749029659
(32018 32040) 0.40148052444697
(32018 32041) 0.4785984457434817
(32018 32042) 1.5887675533170584
(32018 32043) 0.30708084523527757
(32018 32044) 1.2392872914321515
(32018 32045) 0.42949503977017206
(32018 32046) 0.5117575711218317
(32018 32047) 0.6342266399796551
(32018 32048) 0.8979011729766369
(32018 32049) 0.7254734344849093
(32018 32050) 1.9423988489235873
(32018 32051) 0.8509127333200633
(32018 32052) 0.7709293556083489
(32018 32053) 0.2526701898370943
(32018 32054) 0.735101690655898
(32018 32055) 0.6865055884671064
(32018 32056) 1.1108651131737055
(32018 32057) 0.9864836280101246
(32018 32058) 0.36356438055792417
(32019 32001) 1.0508306034322794
(32019 32002) 1.0983948058422115
(32019 32003) 0.738875585233566
(32019 32004) 0.7459034970542593
(32019 32005) 1.7441476330381438
(32019 32006) 0.8025557940304191
(32019 32007) 0.7702193981421114
(32019 32008) 0.7833732916863961
(32019 32009) 1.897735270097536
(32019 32010) 1.044002783409026
(32019 32011) 0.6444216334011786
(32019 32012) 0.7840957053600164
(32019 32013) 1.4161087835788222
(32019 32014) 0.5251554818332248
(32019 32015) 0.8390835911706139
(32019 32016) 0.7441651991392954
(32019 32017) 0.9587488601511626
(32019 32018) 0.8892010701752104
(32019 32019) 0.0
(32019 32020) 0.6277869158231763
(32019 32021) 0.7837274336485397
(32019 32022) 0.509322864135428
(32019 32023) 0.17182977332189645
(32019 32024) 0.3544811402598222
(32019 32025) 1.0768159954920429
(32019 32026) 1.925718978391878
(32019 32027) 1.1015359966789262
(32019 32028) 0.8624677706713493
(32019 32029) 1.1553346989726627
(32019 32030) 0.6723312649629948
(32019 32031) 0.6327308509141603
(32019 32032) 1.6280486014018634
(32019 32033) 0.7596964061580233
(32019 32034) 0.4356629538867152
(32019 32035) 0.8249651819754733
(32019 32036) 1.4323983915334446
(32019 32037) 1.0720872094291751
(32019 32038) 0.7986637034999112
(32019 32039) 0.3934322695220046
(32019 32040) 0.7222793937211118
(32019 32041) 1.0000638204811654
(32019 32042) 1.3562151541838465
(32019 32043) 0.9339936562299326
(32019 32044) 1.271464439740483
(32019 32045) 0.6348301664380684
(32019 32046) 0.7411108160380597
(32019 32047) 0.8706330669829989
(32019 32048) 0.2808992995878569
(32019 32049) 0.3642700936957927
(32019 32050) 1.7510452758737838
(32019 32051) 0.6891472965321446
(32019 32052) 0.9045480179178262
(32019 32053) 0.7222891176336915
(32019 32054) 0.25086574856437666
(32019 32055) 0.5449986124004133
(32019 32056) 0.6068446444640044
(32019 32057) 1.235295262973374
(32019 32058) 0.5579997654202673
(32020 32001) 0.45053410156010704
(32020 32002) 0.6156433672311286
(32020 32003) 0.4662597057768034
(32020 32004) 0.2687474820141245
(32020 32005) 1.1879991861242338
(32020 32006) 0.2666538461926695
(32020 32007) 0.8042711215359224
(32020 32008) 0.6638717853363814
(32020 32009) 1.9438180517436883
(32020 32010) 0.8646091656171085
(32020 32011) 0.4843716835278298
(32020 32012) 0.5580522526486427
(32020 32013) 0.8552939615442784
(32020 32014) 0.6203082536162254
(32020 32015) 0.6551591144750674
(32020 32016) 0.4115390233140865
(32020 32017) 0.5968230841929433
(32020 32018) 0.6663453558596789
(32020 32019) 0.6277869158231763
(32020 32020) 0.0
(32020 32021) 0.7111426870562146
(32020 32022) 0.6624928620037763
(32020 32023) 0.661207309651951
(32020 32024) 0.4486779703735317
(32020 32025) 0.4750166065170851
(32020 32026) 1.962779438801693
(32020 32027) 1.1394992246446156
(32020 32028) 0.5478779712386211
(32020 32029) 0.690296533440433
(32020 32030) 0.43237947982614333
(32020 32031) 0.5372037621628827
(32020 32032) 1.0983197777865517
(32020 32033) 0.5337562168114314
(32020 32034) 0.45851700351227603
(32020 32035) 0.7515453608948215
(32020 32036) 0.8830501466469494
(32020 32037) 0.46897990761733943
(32020 32038) 0.5897489939045009
(32020 32039) 0.5270035024434501
(32020 32040) 0.5987043575049955
(32020 32041) 0.5220310835962131
